-0.007901960627299962 -0.0011500553071186366 -0.014324886004567373 0.0020401546647166383 -3.147071222775271e-05 -3.287864827551624e-06 
0.008362043438686507 -0.0011495749276269202 0.014187134507267458 0.002040447713895891 -3.863279605662842e-06 -3.2879172507753723e-06 
-0.024848676702859576 -0.0011498046743403482 0.014357709815418843 0.0020403373894989953 1.9900552149888957e-05 -3.2880919948544694e-06 
-0.007991596158358379 -0.0011500851443541453 -0.014179883102430811 0.0020400684737815616 -7.127586375533363e-06 -3.2883715853810626e-06 
0.008233573253749595 -0.0011494704973026328 0.014163500952869813 0.002040458056808102 -1.9282959262713204e-05 -3.2879696739990933e-06 
-0.024665289104586947 -0.0011497748371048395 0.014083184791929264 0.0020405235619187605 1.890788345967171e-05 -3.2873231209063717e-06 
0.008164189746293831 -0.0011495242043265512 0.0143219371297252 0.0020403511800486072 5.1674769284894176e-06 -3.2885288550522527e-06 
0.024747286635583957 -0.0011495600090091658 -0.014270453304645934 0.0020401098454303976 -4.8744112024849676e-05 -3.28900066406585e-06 
0.008055471811264769 -0.0011492676041011639 0.013909180808380578 0.0020406511245026696 4.2512313666256626e-05 -3.2880570460386554e-06 
0.02469189380785899 -0.0011495421066678585 -0.014337645697128584 0.0020401787981784575 2.711870582580993e-05 -3.2893851010399125e-06 
0.008224977146199065 -0.0011493750181490008 0.01393802374289417 0.0020406287148595492 2.4916808108130668e-05 -3.287777455512062e-06 
-0.008094334711391163 -0.0011498643488113691 -0.014400326499185052 0.00204020293164028 -6.015087253990545e-05 -3.287847353143717e-06 
-0.024663830506666956 -0.0011498151173727766 0.014088773412159545 0.0020405373524683725 8.028153387455771e-05 -3.287602711432965e-06 
0.008111804511908311 -0.0011494436437906735 0.01420540009022861 0.002040437370983684 2.4794766843278134e-05 -3.2884764318285317e-06 
-0.024786162099983737 -0.001149819592958106 0.014360367943856565 0.0020403253227680856 -1.267144713184098e-05 -3.287847353143717e-06 
-0.008216509239635392 -0.001149876283705574 -0.014322263106674362 0.002040170179084949 1.0423394391234614e-05 -3.2885463294601597e-06 
0.00835910745471229 -0.001149545090391408 0.0141756211221601 0.0020404494377145935 -3.3219751927206665e-05 -3.287725032288341e-06 
-0.024999595401053298 -0.0011497688696577371 0.01445074948219521 0.002040285674937952 5.020942338861844e-05 -3.288616227091815e-06 
-0.00801895988704492 -0.001150013534988923 -0.014119443002073295 0.0020399995210335017 -0.00010853873999205472 -3.2879172507753723e-06 
-0.008180659801169707 -0.0011499866814769638 -0.014068581408069365 0.0020399926257586957 -3.1247092229711804e-05 -3.288721073539284e-06 
-0.00835375306367412 -0.0011497494754546533 -0.014353637697895787 0.002040182245815862 -1.5611446365285645e-05 -3.288581278276001e-06 
0.024834157746772337 -0.0011495689601798177 -0.014431170800678426 0.002040230512739504 -1.4617886480264926e-05 -3.288790971170939e-06 
-0.00804740819924226 -0.0011500388966391058 -0.014149043393298196 0.0020400391688636353 -3.8912721806221384e-05 -3.2883366365652215e-06 
0.024725887370275933 -0.0011495689601798177 -0.014238333404248113 0.0020400891596059796 -3.7138684966250314e-05 -3.2891754081449743e-06 
0.008305200521315743 -0.0011495331554972066 0.01414002598979271 0.002040485637907326 2.0403570456023674e-05 -3.2880570460386554e-06 
0.008309058475867232 -0.001149673390504105 0.014433126883609718 0.002040280503481845 6.545770852493273e-06 -3.2885113806443457e-06 
-0.024784494501553133 -0.0011499180558352876 0.014411811865365599 0.0020403235989493833 9.117632044942423e-05 -3.2883890597889696e-06 
-0.008339234264874783 -0.0011497270975280235 -0.01444186679943993 0.0020402477509265174 3.840697559008105e-06 -3.2885113806443457e-06 
-0.008234712937020255 -0.0011498121336492272 -0.014436614599936781 0.0020402477509265174 1.670493727751776e-05 -3.2884414830126906e-06 
-0.02488941379519145 -0.0011497643940724112 0.014372317455095405 0.002040320151311982 -7.49395481180169e-06 -3.2880220972228414e-06 
0.02492475552867596 -0.0011496495207156954 -0.014330733493884218 0.0020401546647166383 -5.209936435069456e-05 -3.288616227091815e-06 
-0.0078093175029021016 -0.0011501284083456353 -0.014397867397737019 0.002040223617464698 3.930415216900514e-05 -3.2879172507753723e-06 
0.008280441583289253 -0.0011496137160330842 0.014387921461981434 0.00204030636076237 -1.288454753631927e-05 -3.2883715853810626e-06 
0.008214739990695465 -0.001149440660067124 0.014096218585131347 0.0020405114951878474 2.4586116884875095e-06 -3.2879871484070003e-06 
-0.024898990603721492 -0.001149780804551942 0.014360443791879434 0.0020403391133176976 3.460386845461556e-05 -3.2882317901177524e-06 
0.008310771133185523 -0.0011495033182616944 0.014073672760334353 0.0020405339048309677 2.33764215763416e-05 -3.2879172507753723e-06 
0.024848169312568 -0.0011496196834801867 -0.014422857301171408 0.0020402408556517114 3.546035908398007e-05 -3.289035612881691e-06 
-0.008229306429945779 -0.0011498732999820245 -0.014294442100369424 0.002040149493260531 1.5388637024841103e-06 -3.288581278276001e-06 
0.008475654680339267 -0.001149639077683267 0.01418324729609556 0.0020404494377145935 -1.5596549432541284e-05 -3.287690083472527e-06 
-0.008459602148508858 -0.0011497793126901655 -0.014194133507616152 0.002040092607243381 3.056715790624974e-05 -3.2892802545924434e-06 
-0.024959581800492906 -0.001149682341674757 0.014394933956459157 0.002040285674937952 -7.268819229800656e-05 -3.287777455512062e-06 
0.008283887783990699 -0.0011496584718863473 0.014433544047735482 0.002040278779663146 6.9861259318580444e-06 -3.2885638038680667e-06 
-0.024826907199417485 -0.0011497837882754915 0.014428169181024186 0.0020402632652948317 -7.352596783649804e-05 -3.287655134656686e-06 
-0.008227065653558952 -0.0011498345115758604 -0.014325696293628416 0.0020401581123540395 -3.3079318848027475e-05 -3.2883715853810626e-06 
-0.008326611622392129 -0.001149883743014453 -0.01410124920000026 0.002040016759220515 -1.335867190897265e-05 -3.28900066406585e-06 
0.008090796114385474 -0.0011494794484732847 0.01429643840349253 0.00204037531351043 2.9413462547129855e-05 -3.288721073539284e-06 
0.0082392035400904 -0.0011496047648624289 0.01444046862745943 0.0020402615414761294 -3.0078482463439594e-05 -3.2884414830126906e-06 
-0.007914332637004327 -0.0011500911118012477 -0.014230943905233436 0.002040092607243381 -3.137209540670529e-05 -3.2880220972228414e-06 
-0.024651769806556527 -0.001149927007005943 0.014332143860256816 0.0020403529038673096 3.109259587773464e-05 -3.287812404327903e-06 
-0.008148547476451693 -0.00114992402328239 -0.014291799001476006 0.0020401443218044275 -7.061935025010616e-06 -3.2884240086047836e-06 
0.02462863290112995 -0.0011494332007582451 -0.014369035499703316 0.0020401719029036515 -5.3643062282782814e-05 -3.288965715250036e-06 
0.008217129953259846 -0.0011496211753419597 0.014402430843992006 0.002040313256037176 4.445095942875215e-05 -3.288790971170939e-06 
0.024689832054885227 -0.0011495331554972066 -0.014361767698248765 0.0020401925887280695 2.4434671719449964e-05 -3.2893501522240985e-06 
0.024987658388578884 -0.001149694276568962 -0.014437466799340003 0.0020402477509265174 1.674885046459886e-05 -3.28868612472347e-06 
-0.008150648017831622 -0.0011499777303063084 -0.014204044899521796 0.0020400960548807856 1.6667087709981905e-05 -3.28868612472347e-06 
-0.02490406270065485 -0.0011497062114631668 0.014339930349331516 0.0020403304942241893 -5.006986040426423e-05 -3.287742506696248e-06 
-0.008025652378969891 -0.001150117965313207 -0.014141217202524026 0.0020400667499628593 5.296940127176092e-05 -3.288721073539284e-06 
-0.00848521890705627 -0.0011497584266253087 -0.014086625992086052 0.002039996073396097 -4.4235461404819394e-05 -3.289105510513319e-06 
0.024896535471330274 -0.0011496495207156954 -0.014271074296865818 0.0020401098454303976 -6.450679683479096e-05 -3.288668650315536e-06 
0.008053648756175088 -0.0011494704973026328 0.014382453509060256 0.0020403029131249653 -8.434008059798035e-06 -3.288721073539284e-06 
-0.02498199399915341 -0.0011497151626338187 0.014420374072855978 0.002040278779663146 -2.6631061373066564e-05 -3.2881444180782175e-06 
-0.007969066061824511 -0.0011500523233950836 -0.014254943596029811 0.002040113293067799 -2.1468247555672784e-05 -3.2881444180782175e-06 
-0.00833650564968736 -0.0011497241138044706 -0.014386852600254406 0.002040196036365474 -4.0861677469384574e-05 -3.2883715853810626e-06 
-0.008427659896033255 -0.001149828544128758 -0.014090198687148925 0.002040016759220515 3.5205489316651446e-06 -3.2892802545924434e-06 
0.008121620962391215 -0.0011494436437906735 0.014261891352895652 0.002040385656422637 -2.04065549542059e-05 -3.2883191621573145e-06 
0.008194140363299119 -0.0011495629927327153 0.014387831823408956 0.0020403029131249653 -1.4581207698059111e-05 -3.2884764318285317e-06 
-0.00823844855890615 -0.0011498568895024937 -0.014312654298820166 0.0020401615599914442 4.0867372223992175e-06 -3.288581278276001e-06 
-0.02463414900753977 -0.0011497599184870852 0.014149488030645273 0.002040459780626804 -7.153554540336133e-05 -3.2869037351164953e-06 
0.008363159351294596 -0.0011495122694323463 0.014138996870027912 0.002040468399720309 -5.809543657213476e-05 -3.287497864985496e-06 
0.008316392468355676 -0.0011497181463573682 0.014451866516713787 0.0020402839511192497 5.291797408927794e-05 -3.288756022355098e-06 
-0.00831817514405158 -0.0011497539510399828 -0.014314882900119872 0.0020401408741670263 -6.258773114636005e-05 -3.2883366365652215e-06 
-0.02494117399776888 -0.0011497196382191446 0.014359640492364531 0.0020403253227680856 -1.4390841498273382e-05 -3.2880570460386554e-06 
0.008424785177517668 -0.0011495779113504696 0.014136755905715954 0.00204047874263252 -2.2298115924584408e-05 -3.287637660248779e-06 
0.008000225185993807 -0.0011494317088964687 0.01432236118912577 0.0020403563515047143 3.515962452382658e-05 -3.288913292026315e-06 
-0.007847045195343162 -0.001150058290842186 -0.014414570699296431 0.002040221893645996 -1.2345392154624018e-05 -3.287742506696248e-06 
0.008198427974041956 -0.001149458562408428 0.014140001856330887 0.002040482190269921 1.5365506436708663e-05 -3.2881618924861244e-06 
0.024826802868219037 -0.0011495570252856128 -0.014393967803351873 0.002040196036365474 -5.331022723529627e-05 -3.288616227091815e-06 
-0.024651646005339502 -0.0011499389419001443 0.014416702339021772 0.002040285674937952 -1.2782444570893554e-05 -3.287707557880434e-06 
-0.008100239500298662 -0.001149885234876226 -0.014408544000171298 0.002040216722189892 -2.5249342465112124e-05 -3.2880570460386554e-06 
0.008009725361780306 -0.0011492810308571418 0.014048206786657011 0.0020405373524683725 -1.3784362750838078e-06 -3.2881618924861244e-06 
-0.00857491560444748 -0.0011497449998693274 -0.014067666706770877 0.0020400064163083077 2.151158771286342e-05 -3.2896297427506647e-06 
0.008033398224434215 -0.0011492437343127541 0.014010367242340262 0.0020405580382927904 -4.205621051979317e-05 -3.287777455512062e-06 
-0.024729494499681936 -0.0011499061209410827 0.014440635837873476 0.0020402684367509354 -9.422080980734602e-06 -3.2879172507753723e-06 
-0.02475363979300154 -0.0011498434627465123 0.014253263640294618 0.002040423580434072 7.308307385635277e-05 -3.2879871484070003e-06 
0.008287859120037124 -0.0011494913833674895 0.014140365582076906 0.002040475294995115 -1.7558776908513092e-05 -3.287864827551624e-06 
-0.008318477991992007 -0.0011497867719990444 -0.014339654605815185 0.002040177074359755 -3.4303860984762015e-06 -3.288633701499722e-06 
-0.008239591325026198 -0.0011498389871611864 -0.014427338899845649 0.002040258093838728 6.210591292259238e-05 -3.288651175907629e-06 
-0.02463704872062457 -0.0011498121336492272 0.014116438978500009 0.00204050115227564 1.982011745027326e-05 -3.2873231209063717e-06 
-0.008605926935175163 -0.0011497494754546533 -0.014011087394676724 0.002039968492296873 2.2124834584102613e-05 -3.289787012421882e-06 
-0.024776759804315922 -0.001149777820828389 0.014296905558360634 0.0020403597991421156 -4.0453160761234186e-05 -3.287550288209217e-06 
-0.024802340198732554 -0.0011498971697704308 0.014456712171083717 0.0020402753320257414 3.741955475017927e-05 -3.2882667389335935e-06 
0.024708280417601276 -0.001149643553268593 -0.014203701994273534 0.0020401115692491 7.411970815687487e-05 -3.289821961237696e-06 
-0.00845945892977841 -0.0011497360486986755 -0.014169411011557834 0.0020400477879571437 -5.1299857765528824e-05 -3.288878343210474e-06 
0.007796750158430985 -0.0011491870435652862 0.014249891850914471 0.002040368418235624 -7.583412742868592e-05 -3.2883715853810626e-06 
-0.008229306429945779 -0.001149979222168085 -0.014016772010060945 0.002039958149384666 -2.5781490609234962e-05 -3.288895817618381e-06 
0.008243395671679605 -0.0011494078391080624 0.013989989981469761 0.0020405890670294156 1.3207766547821255e-05 -3.287812404327903e-06 
0.008351481057315844 -0.0011495644845944918 0.014097773469600106 0.0020405270095561617 5.806242230395697e-05 -3.2880919948544694e-06 
0.008168584771084505 -0.0011495182368794488 0.014336210348573665 0.0020403373894989953 -1.546703785830668e-05 -3.2884065341968766e-06 
0.02474686294683971 -0.0011496256509272856 -0.014148853396155691 0.0020400339974075317 -3.3038166617396385e-05 -3.2893152034082574e-06 
0.00839583410790198 -0.001149686817260083 0.014318027508910185 0.0020403649705982192 2.159251169590065e-05 -3.2882317901177524e-06 
-0.02488305129609812 -0.0011497614103488582 0.014259622807484471 0.002040416685159266 6.765898269186924e-05 -3.2881968413019384e-06 
-0.024779512499084812 -0.0011497584266253087 0.014130657035150027 0.0020405063237317438 7.167094947863265e-05 -3.287794929919969e-06 
0.008312510644015777 -0.0011496226672037362 0.014355513670393127 0.0020403253227680856 -1.3722489081685932e-05 -3.2882492645256865e-06 
0.008202584300948546 -0.001149500334538145 0.014328515221890145 0.002040333941861594 -6.008771129251005e-05 -3.2880745204465624e-06 
0.008501810000987636 -0.0011495555334238364 0.014136462856536698 0.00204046667590161 -0.00010516205093630463 -3.2870085815639644e-06 
-0.008216516698944267 -0.0011500060756800441 -0.013907391619380994 0.002039877129905693 -6.674728678234233e-05 -3.288825919986753e-06 
-0.00815953802215193 -0.0011498792674291235 -0.014420467499255275 0.0020402408556517114 3.146495803591653e-05 -3.2884065341968766e-06 
0.008601773691117958 -0.0011495465822531845 0.01388112048755747 0.0020406649150522815 -1.940216093628016e-05 -3.2869037351164953e-06 
-0.024520204521262905 -0.0011500254698831244 0.01431069610797268 0.002040378761147831 7.283930586599014e-05 -3.287707557880434e-06 
0.02445988841570117 -0.001149398887937407 -0.014318910104224597 0.0020401581123540395 3.94259662665548e-05 -3.289839435645603e-06 
0.024583038621546583 -0.0011494048553845095 -0.0144596191999744 0.0020402477509265174 1.0218384637619243e-05 -3.2892278313686953e-06 
-0.00816393453880438 -0.0011499091046646356 -0.014269726499585913 0.0020401236359800096 -2.628007041576019e-05 -3.2883715853810626e-06 
-0.00852882751861642 -0.001149742016145778 -0.0140632130056782 0.002039980559027786 -3.93704639214579e-05 -3.2892453057766294e-06 
0.007974618870478827 -0.0011494197740022673 0.014366702977584599 0.0020403167036745773 1.0328228765749657e-05 -3.288930766434222e-06 
-0.0248889676003137 -0.0011497151626338187 0.014201981757743523 0.002040451161533296 5.056862731764314e-05 -3.2880220972228414e-06 
-0.008169694617119652 -0.0011499732547209825 -0.014182801204276453 0.0020400822643311736 1.3013206490136844e-05 -3.288721073539284e-06 
0.00840508961835729 -0.0011496107323095313 0.014154092350396996 0.002040482190269921 3.567403614391945e-05 -3.2880046228149073e-06 
-0.008351815135227723 -0.0011498345115758604 -0.014225823705800621 0.002040113293067799 2.5375651111065597e-05 -3.28900066406585e-06 
0.024968917620954833 -0.0011497285893897966 -0.014405365298686721 0.0020402477509265174 7.05647670346236e-05 -3.289035612881691e-06 
0.007801691204631495 -0.001149061727176142 0.01389762949926179 0.002040635610134355 -1.1915312027111082e-05 -3.2880570460386554e-06 
-0.008260523637598483 -0.0011497524591782063 -0.01445014269983494 0.002040244303289116 -3.190884805731275e-05 -3.2881793668940314e-06 
-0.008291135149370323 -0.001149927007005943 -0.014094181489454752 0.002040021930676622 6.736905926227072e-06 -3.289070561697505e-06 
0.008378537462476628 -0.0011494287251729192 0.013917967112302154 0.002040635610134355 -2.084303071501437e-05 -3.2872706976826507e-06 
0.008100436525178865 -0.0011495644845944918 0.014452045793858743 0.0020402753320257414 4.221460217867181e-05 -3.289053087289598e-06 
0.008282210931355016 -0.0011495779113504696 0.014393037755887503 0.0020402891225753533 -7.076629575549402e-05 -3.2880220972228414e-06 
0.00838203438647844 -0.0011495271880501041 0.014008974396829445 0.002040583895573312 4.4672115535277575e-05 -3.287794929919969e-06 
-0.007811898423773746 -0.0011501239327603094 -0.014362772799024079 0.0020401925887280695 1.0392220047520859e-05 -3.287864827551624e-06 
0.00821163990192594 -0.001149458562408428 0.014131968861181874 0.002040489085544727 2.7915690568294164e-06 -3.2880570460386554e-06 
0.00836262824850251 -0.0011496808498129805 0.01440453217898914 0.0020402960178501593 -9.827312500197661e-06 -3.2883016877494075e-06 
0.008348151221832887 -0.0011496137160330842 0.01427346162402016 0.0020403873802413396 -3.1579076559152955e-06 -3.2880919948544694e-06 
-0.0083108128061894 -0.0011499493849325727 -0.013921244388074298 0.002039890920455305 -4.721220058089759e-05 -3.289070561697505e-06 
-0.008246791049954842 -0.0011500060756800441 -0.014049435411641083 0.002040009863945709 4.8827250146058285e-05 -3.2892278313686953e-06 
0.008197646238471589 -0.0011493959042138575 0.014031216829534971 0.0020405545906553857 4.10136330182098e-06 -3.287882301959531e-06 
0.00824360453232818 -0.0011495674683180412 0.014371883052782624 0.00204030636076237 -3.7293447059916766e-05 -3.2882667389335935e-06 
0.008458707130569388 -0.001149398887937407 0.01387067931768245 0.0020406614674148803 -8.720658568101182e-05 -3.286641618997836e-06 
0.008325725555623314 -0.0011496748823658781 0.014429251739168734 0.002040280503481845 -6.153929841123593e-06 -3.2884065341968766e-06 
-0.008371780721369473 -0.001149825560405205 -0.014033706212421858 0.0020399495302911574 -9.187705368690272e-05 -3.288721073539284e-06 
0.008293731087985565 -0.0011495182368794488 0.01413948815835784 0.0020404839140886234 1.184909638390181e-05 -3.2880220972228414e-06 
0.008208757624975641 -0.001149458562408428 0.014142261782648564 0.00204047874263252 3.7585678418249936e-06 -3.2880919948544694e-06 
-0.008040372579108921 -0.0011499359581765949 -0.014412457701588395 0.002040223617464698 -7.345614563042673e-06 -3.2880570460386554e-06 
-0.0085250993560394 -0.0011498732999820245 -0.01390199008734916 0.0020399219491919335 5.9425530967485875e-05 -3.289979230908886e-06 
0.024738374253337015 -0.0011496286346508386 -0.014193028189677812 0.002040078816693769 1.1552345988752094e-05 -3.2894899474873816e-06 
-0.008219534735316138 -0.0011498807592909 -0.014346762206602831 0.002040196036365474 4.3313567692213506e-05 -3.28868612472347e-06 
0.02447987041232245 -0.0011495779113504696 -0.013862886822316203 0.002039861615537382 1.0691242115699027e-05 -3.2905034631462314e-06 
0.024774862208642622 -0.001149583878797572 -0.014318515093862614 0.0020401546647166383 -1.3621120041392473e-05 -3.289070561697505e-06 
0.024928324062043 -0.0011497121789102657 -0.014263210599567557 0.002040120188342605 -1.5419551154807716e-05 -3.288930766434222e-06 
-0.008183568931631965 -0.0011500717175981674 -0.013978499894988785 0.002039961597022067 4.176423426357386e-05 -3.2891928825528813e-06 
-0.00821627650919841 -0.0011499389419001443 -0.014143163205295356 0.00204004261650104 -2.0056752256637474e-05 -3.288703599131377e-06 
-0.008105052246386479 -0.0011499105965264121 -0.014399407400802143 0.002040221893645996 1.2438106251368034e-05 -3.2882667389335935e-06 
-0.0082569759902963 -0.001149828544128758 -0.014333026293963224 0.0020401719029036515 -7.478297742313171e-06 -3.2885113806443457e-06 
0.008070393412743498 -0.0011494167902787143 0.014222460723917411 0.002040420132796667 1.0901109754713736e-05 -3.2884939062364387e-06 
-0.00849111623665489 -0.0011499105965264121 -0.013795067107966876 0.0020398323106194556 7.856665985183221e-06 -3.289874384461417e-06 
-0.008350575398092266 -0.0011498076580639012 -0.014244910203549033 0.002040113293067799 -7.995208202737366e-06 -3.288825919986753e-06 
-0.008150855386618416 -0.0011500433722244317 -0.014069874002748822 0.0020400133115831137 2.105966457546137e-05 -3.288930766434222e-06 
0.008681134770128388 -0.0011495122694323463 0.01371799552383399 0.002040785582361388 -3.3306421781184993e-06 -3.286589195774115e-06 
-0.02486876260532249 -0.0011498509220553912 0.014445526311529646 0.002040287398756651 4.8032741241555186e-05 -3.2884065341968766e-06 
-0.024994965300222657 -0.001149691292845409 0.014405838833564884 0.002040285674937952 -3.67030479770216e-05 -3.2880919948544694e-06 
-0.024621141977546515 -0.0011500016000947182 0.014433378561140138 0.002040285674937952 3.290098740365931e-05 -3.2879172507753723e-06 
0.008448067172386397 -0.0011495391229443055 0.014055196871491617 0.00204053562864967 -3.44573244443008e-05 -3.287393018538027e-06 
0.008323559372325259 -0.0011495271880501041 0.01415606439899152 0.002040464952082908 -1.6047773593626892e-05 -3.287847353143717e-06 
-0.024376562288551704 -0.0011499926489240628 0.01415021548213731 0.0020404701235390114 1.9487160081931324e-05 -3.2870260559718714e-06 
-0.024469696002370304 -0.0011500329291920033 0.014375316899636024 0.00204030636076237 -2.021432772997763e-05 -3.2873580697221857e-06 
0.008406488984702722 -0.0011496883091218595 0.014270294969065494 0.002040406342247055 5.585959844265839e-05 -3.2883016877494075e-06 
-0.008213151058778699 -0.0011498807592909 -0.014369272800855112 0.002040216722189892 5.5693696413948505e-05 -3.28868612472347e-06 
-0.024741845903045526 -0.0011498703162584716 0.014351564401747976 0.0020403391133176976 1.9400714185994128e-05 -3.2879172507753723e-06 
0.008527926533229844 -0.0011496032730006558 0.014036908878887342 0.0020405580382927904 1.6822062705805062e-06 -3.287410492945934e-06 
-0.024902563496122156 -0.0011497091951867162 0.014316303690208677 0.0020403511800486072 -3.197675360645607e-05 -3.287812404327903e-06 
0.008256971613836813 -0.0011496256509272856 0.014348158135993803 0.0020403494562299083 4.875681080776783e-05 -3.288651175907629e-06 
-0.008406629120583785 -0.0011498867267380024 -0.014007041592184289 0.002039968492296873 1.491592486996672e-05 -3.2894200498557265e-06 
-0.00822845010128663 -0.0011498494301936148 -0.014399037298273663 0.002040232236558203 4.331213479076478e-05 -3.288616227091815e-06 
0.008422872610721461 -0.0011495928299682275 0.014150113776833922 0.002040471847357714 -8.35387042511681e-06 -3.287742506696248e-06 
0.008264105696847341 -0.0011496405695450435 0.01439513047179113 0.002040313256037176 3.331125155260083e-05 -3.288651175907629e-06 
0.02469688259363632 -0.0011495689601798177 -0.014231240402050094 0.0020400943310620832 -9.958475405979898e-06 -3.2893851010399125e-06 
0.024832704673402987 -0.0011496047648624289 -0.014293792894085637 0.002040127083617411 -5.4198337805776256e-05 -3.288808445578846e-06 
0.008195503924961944 -0.0011495928299682275 0.01440492176201568 0.0020403029131249653 2.1402617305128546e-05 -3.28868612472347e-06 
0.00829407123247038 -0.0011495823869357956 0.014326548344751725 0.0020403442847738013 -3.386894365551939e-05 -3.2880919948544694e-06 
-0.008245093311254306 -0.0011500016000947182 -0.01394251501798685 0.002039913330098425 -2.7598488281055958e-05 -3.289035612881691e-06 
0.008232120180380244 -0.0011494854159203871 0.014192388706669647 0.002040437370983684 -1.4247402820933484e-05 -3.2880570460386554e-06 
-0.008436942260000524 -0.001149739032422225 -0.014191588208499376 0.002040065026144157 -5.260883071334853e-05 -3.288790971170939e-06 
-0.00805004133527605 -0.0011499359581765949 -0.014448855099852833 0.0020402615414761294 2.823871052647683e-05 -3.2881618924861244e-06 
0.00851634371840473 -0.0011496644393334497 0.014154814630432926 0.002040471847357714 3.970881897947279e-06 -3.287690083472527e-06 
-0.02493011419704778 -0.0011497062114631668 0.014327956704630856 0.0020403460085925036 -1.9503905676343715e-05 -3.2879521995911863e-06 
-0.02496726619984346 -0.0011497315731133495 0.014358285570865149 0.0020403373894989953 2.8334243114527916e-05 -3.2883016877494075e-06 
0.008021967579510198 -0.001149354132084144 0.014194945129803977 0.002040430475708878 -1.6697026482367304e-05 -3.2883366365652215e-06 
0.02484324915243234 -0.0011496405695450435 -0.014377981701276788 0.00204021499837119 4.48535348382127e-05 -3.2891579337370673e-06 
-0.007983232781244826 -0.0011500821606305958 -0.014168006207054775 0.0020400546832319497 -2.7357743363261967e-05 -3.2882667389335935e-06 
0.008209610969911237 -0.0011495286799118772 0.014227823523897797 0.002040427028071473 3.791614247420261e-05 -3.2884240086047836e-06 
-0.024707388791202524 -0.0011499493849325727 0.014437600193140124 0.002040287398756651 3.883936786738034e-05 -3.2880745204465624e-06 
-0.00828697285501663 -0.001149730081251573 -0.014458627599990599 0.002040251198563922 -2.565788538487436e-05 -3.2882317901177524e-06 
-0.00790349575306697 -0.0011500433722244317 -0.01443162829946834 0.002040246027107815 3.009667694764588e-05 -3.2879696739990933e-06 
0.007901392327089331 -0.001149398887937407 0.014374141255281598 0.002040320151311982 4.4658223380988096e-05 -3.2892278313686953e-06 
-0.02489200280475116 -0.001149780804551942 0.014364267221759371 0.002040333941861594 2.2739741524093377e-05 -3.2881618924861244e-06 
-0.0247340636993349 -0.001149871808120248 0.014241655445158676 0.002040440818621085 0.00011128903194158096 -3.2880745204465624e-06 
0.008399542876275912 -0.001149483924058614 0.01399047954598099 0.002040583895573312 -1.7917910939906133e-05 -3.287427967353841e-06 
-0.025014870398945267 -0.0011497181463573682 0.014459759882547978 0.0020402546462013234 -1.7019577840798032e-05 -3.2883191621573145e-06 
