2.5520933869131515 2.618581547233135 0.06566011059089805 -0.005951054168819192 2.165230185002684e-05 -1.0474187566637903e-06 2.692040272017039 2.6164597500294997 -3.595369894895554e-05 3.7359037423312326e-06 1.3597379180007467 1.360047881309985 
2.659598497934071 2.6185848655191126 0.03903567639350358 -0.005951011826892408 3.603930372325778e-05 -1.043716174042213e-06 2.5746849287533484 2.6164618303193214 3.143270450469852e-05 3.7399138639390575e-06 1.359984862304302 1.3600479003184942 
2.6518559863915345 2.6185839310897814 -0.01382506472937138 -0.005951773981574607 -3.3371694339585315e-05 -1.0438003236472489e-06 2.581674516722527 2.616462258766109 6.681550058053136e-05 3.7371622379422324e-06 1.3601385944873787 1.3600479063666564 
2.6147994551333955 2.6185836125343274 0.003792373630443255 -0.0059517792743154635 -5.063087464153679e-07 -1.0449503682493874e-06 2.6151388537467666 2.6164614018725345 1.6079100711947686e-05 3.7369702640354632e-06 1.3602107855726233 1.3600478991478824 
2.623588437269559 2.6185839151620085 -0.014844541886158663 -0.005952043911357896 4.5777859908998275e-06 -1.0445857199609348e-06 2.6069981325007405 2.616461665135018 -4.027307742518189e-06 3.7368849422991335e-06 1.3598791092989013 1.3600479027990768 
2.5847375468510476 2.618582056921861 -0.010371440178062602 -0.005952128595211478 -1.1317008505362268e-05 -1.0459321136415084e-06 2.647337022112817 2.616461174744117 -4.4199298200613265e-05 3.7343466206431327e-06 1.360070627694932 1.3600478971411187 
2.569830622275825 2.6185818817163615 0.02864269168084843 -0.005951567564681515 2.0977309818166496e-05 -1.0465772606134318e-06 2.6646265844089734 2.616460534654941 -4.9553002520906936e-05 3.735178507572375e-06 1.359831720304781 1.3600478895042691 
2.589281182927987 2.618582545373557 0.04887319853957353 -0.005951165316377016 3.833740138691665e-05 -1.046184562456616e-06 2.645787841122682 2.616460606923074 -2.147349111020566e-05 3.736778290128694e-06 1.3599274501120733 1.360047889114065 
2.625397672969626 2.6185832302677827 -0.009810393769882048 -0.005951863958169046 -1.678389979598523e-05 -1.0446418196976073e-06 2.6059622101135576 2.616461794185255 1.591861052590009e-05 3.736159707540276e-06 1.3600487218930235 1.3600479023531296 
2.6247033176468975 2.6185834426380854 -0.014551186431880803 -0.005951975105726856 -1.5067893000227214e-05 -1.044613769829244e-06 2.6062721578109893 2.6164617786992266 8.571598470896453e-06 3.736309020578826e-06 1.3598416487948033 1.3600479029384354 
2.622269989338704 2.618583798358342 0.013993348290590707 -0.005951572857422371 1.6781373952625593e-07 -1.0447820690393157e-06 2.608205098072162 2.616461438006601 1.6572102799832737e-06 3.7375888466238813e-06 1.3600106081038086 1.3600478987019349 
2.5746603556604843 2.618582486971724 -0.016196694268988496 -0.005952377354031355 9.314202610075486e-06 -1.0461565125882526e-06 2.65812433143112 2.6164609321296712 3.406360024461148e-05 3.734559924983957e-06 1.3599575738890115 1.360047896555813 
2.6118302528407575 2.618584568200689 -0.0042956594918062 -0.005952107424248079 1.2973195736241342e-05 -1.0448381687760424e-06 2.6218234908436937 2.616461133448041 1.6141598883813587e-05 3.7379301335692546e-06 1.3601626806098999 1.3600478992593692 
2.6361479532517453 2.6185844301599923 0.004290230005631654 -0.005951684004980182 -1.0252874105393626e-06 -1.044221071672428e-06 2.5950622915583708 2.6164616909450653 -5.7386911299407446e-06 3.7382714205145737e-06 1.360061304690036 1.3600479018793104 
2.555326678313593 2.618582104705179 -0.008294441643267855 -0.005952382646772211 6.810387211972498e-06 -1.0467455598235035e-06 2.67973918276964 2.6164605243309222 8.943128529193402e-05 3.7341546467363636e-06 1.3598340909055886 1.3600478928767465 
2.6265600499651316 2.6185835594417517 -0.018686383685975833 -0.0059520333258761965 -1.5261493191546198e-05 -1.0445296202242081e-06 2.604443903102144 2.616461835481331 9.294209586358057e-06 3.7363303510129357e-06 1.360025661087265 1.360047903774587 
2.6235195655804397 2.618583750575024 0.013365174050226594 -0.005951583442904057 3.315205316942909e-06 -1.0447820690393157e-06 2.6074899894123735 2.6164614741406673 1.0704100383341123e-06 3.7375035248875515e-06 1.3599262407026362 1.3600478989249085 
2.6199678634034305 2.6185843186655835 -0.00265197235755045 -0.005951932763800072 4.278802444207682e-06 -1.0446698695659707e-06 2.611156012413543 2.6164614018725345 -7.0970984941423295e-06 3.737759490096541e-06 1.3600135523045014 1.3600479004857247 
2.5854135639981504 2.618581058781439 -0.009969414168680052 -0.005952049204098739 -3.164369622510969e-05 -1.04610041285158e-06 2.651192640560309 2.6164613192803827 -0.0001365552037798792 3.732981472861748e-06 1.3604540302753747 1.3600478968624017 
2.60785174475744 2.6185836284621002 -0.02512238831439205 -0.00595234559758627 2.7175012378656853e-05 -1.045006467986114e-06 2.6237108247510785 2.6164614431686104 7.381594883787619e-06 3.7360530553698368e-06 1.3600139607923496 1.3600479019907972 
2.572770058215931 2.618581510068332 -0.03085742234481169 -0.005952546721738519 -3.37145058055669e-05 -1.0462687120616518e-06 2.6619918534724802 2.616461185068136 -6.726890922758579e-05 3.732896151125418e-06 1.3599265748008782 1.3600478984232176 
2.607098249614707 2.6185842708822653 0.02871016354118716 -0.005951551686458972 -6.556399529194235e-05 -1.0451747671961858e-06 2.6262120248262506 2.6164608185654625 1.85203049015522e-05 3.7384420639872333e-06 1.3599956134001072 1.3600478943539474 
2.5943495913318046 2.6185810056888634 0.007382302136827584 -0.005951699883202738 3.146821302810909e-05 -1.0460162632465442e-06 2.6444881090788317 2.6164613296044017 -0.000127962099761343 3.733450742411616e-06 1.3607784953840107 1.3600478951900987 
2.6005688981162747 2.618582391405088 0.013897464997376374 -0.005951615199349156 2.6536008327883486e-05 -1.0456235650896741e-06 2.6315763231374687 2.616461236688231 -3.22586065221608e-05 3.735541124951804e-06 1.3601805797134856 1.360047895747533 
2.6196748667155063 2.61858360722507 -0.005737698492468843 -0.005951890421873288 -2.185401915431038e-06 -1.0447540191710065e-06 2.6105966725519307 2.6164615773808566 6.173942792594262e-07 3.7367356292605292e-06 1.3600536054076136 1.360047901126774 
2.5597881722121314 2.6185810322351513 -0.015178355051483669 -0.00595233501210457 -1.990770143412351e-05 -1.0467455598235035e-06 2.6757367774204734 2.6164608908335953 -0.0001239942017478317 3.732704177218649e-06 1.3600457555064458 1.3600478946326646 
2.577964919861778 2.6185827736716325 0.022136992240937056 -0.00595172634690698 -1.4182190357357272e-05 -1.046212612324925e-06 2.6549144184259097 2.616460596599055 3.243310186323519e-05 3.7361383771061666e-06 1.3599719505095713 1.360047891566776 
2.6065682211228403 2.61858297542342 -0.024560500360416557 -0.005952250328250988 -1.3851790958118446e-05 -1.0451747671961858e-06 2.624549589348046 2.6164615670568376 -4.858192141389875e-06 3.7352851597428145e-06 1.3600519950078196 1.3600479019350538 
2.644365866335073 2.6185844513970227 0.02756687859046801 -0.005951255292971441 1.596549959157704e-05 -1.044108872199029e-06 2.5876543278825577 2.616461675459037 1.4116103524070987e-05 3.7389113335371013e-06 1.3599143431038538 1.3600478998168035 
2.620138805569217 2.618583447947343 0.02115798338067862 -0.005951440538901148 2.10508004732311e-05 -1.0449503682493874e-06 2.6109151324030013 2.6164614018725345 5.219307450264675e-06 3.737247559678562e-06 1.3600618758093386 1.360047897419836 
2.6180897613235015 2.618584090367508 -0.004145530897633948 -0.005951943349281771 4.802689835292119e-06 -1.0447259693026432e-06 2.612616659779025 2.6164614121965535 -3.302008992362034e-06 3.7374182031512217e-06 1.360057183104506 1.3600479005135964 
2.6482377804542794 2.618585322115263 -0.04639965640897928 -0.00595252555077512 0.00013975290653354527 -1.0435478748321413e-06 2.5877648103715343 2.6164620626097483 -8.728609247627854e-05 3.7382074292122993e-06 1.3601902582221004 1.3600479095719036 
2.6402979875191814 2.618584313356326 0.02765448403699504 -0.0059512711711939975 1.5222907377004653e-05 -1.0442771714091006e-06 2.5915162852776947 2.616461603190904 9.928896652525642e-06 3.7387406900644417e-06 1.3600663411924672 1.3600478992036258 
2.60923242780546 2.618583447947343 -0.009565006425915595 -0.005952038618617053 6.924023773193433e-07 -1.0450625677227866e-06 2.6211930236534076 2.6164614121965535 -6.701960437834531e-07 3.736351681446991e-06 1.360055482511844 1.360047900151264 
2.6225971351712793 2.6185849345394607 -0.006738772789325331 -0.005952091546025537 2.220799779181483e-05 -1.0444454706191723e-06 2.6112606721558222 2.616461298632345 -1.8380599498468632e-05 3.7383994031190684e-06 1.3602609358732458 1.3600479009874153 
2.6105602996684913 2.6185831824844645 0.010323531153836704 -0.005951668126757639 8.062112586879739e-06 -1.045202817064495e-06 2.61997272461149 2.6164613296044017 -3.4937909252107167e-06 3.7365649857878697e-06 1.3599992715068963 1.360047897614938 
2.611401365705484 2.6185841965526593 0.016340583587636348 -0.005951699883202738 -3.0096900260144472e-05 -1.045006467986114e-06 2.620313468857501 2.6164610611799084 7.245997314316e-06 3.7380154553055844e-06 1.3601072240086494 1.3600478967509149 
2.6638964481172387 2.618585184074566 0.021276985365919904 -0.005951265878453141 4.025007235419732e-06 -1.043407625490433e-06 2.5700318366227486 2.6164620213136724 8.959193788635699e-06 3.739892533504948e-06 1.3599702782066994 1.3600479033565112 
2.635230662203907 2.6185857787114135 -0.002986150721994027 -0.005952049204098739 1.417631068930628e-05 -1.043996672725684e-06 2.6022712184725165 2.6164613089563638 -7.137209551927448e-05 3.739700559598179e-06 1.3606085879628922 1.3600479017120801 
2.63520849074432 2.6185842071711747 0.030835061380662276 -0.005951255292971441 1.1592188518130787e-05 -1.0444454706191723e-06 2.596509842905793 2.6164614947887053 6.932802550661528e-06 3.738612707459893e-06 1.3598555285045006 1.3600478981166289 
2.58884737942021 2.6185830285159954 0.043088338646804614 -0.005951308220379925 -1.843589679217933e-05 -1.0460162632465442e-06 2.645061030187395 2.6164605604649886 1.2258009411019073e-05 3.7372048988103973e-06 1.360035817289195 1.3600478899780881 
2.643528649509814 2.6185851893838237 0.02168107554423343 -0.005951445831641991 -4.186690551649929e-05 -1.0439405729889572e-06 2.589108383361929 2.6164615309227717 -4.465269790750146e-05 3.7397645509004533e-06 1.3600673276003161 1.3600479003742376 
2.5941679297749967 2.618582932949359 -0.01946784628679886 -0.005952292670177786 4.355013936501741e-06 -1.0455113656163291e-06 2.6371565276573468 2.616461277984307 6.39209737706781e-06 3.7352424988746497e-06 1.3600344065066206 1.3600478995380862 
2.589063301616078 2.618582593156875 0.0037641739072015873 -0.005951901007354987 1.0895043634831774e-06 -1.0458199141681092e-06 2.642390144536479 2.6164610508558894 -9.767007597994814e-06 3.7354344727814188e-06 1.360012806903368 1.3600478956360462 
2.5851828820662544 2.6185816799645742 0.07115492828516037 -0.00595077894629506 0.00015950119194307926 -1.0466614102184676e-06 2.6573352253653844 2.616460374632647 -7.276940959524513e-05 3.736309020578826e-06 1.3601262533938745 1.3600478845988473 
2.6497853547045644 2.618584578819204 0.010707540673370403 -0.00595147758808709 6.676897888517391e-06 -1.0438283735156122e-06 2.582076936657848 2.6164619180734827 1.600399625353811e-05 3.7386980291962226e-06 1.3599215214918032 1.360047902882692 
2.6352465156469926 2.6185850354153546 0.010425861005404699 -0.005951678712239339 -2.4750903902089603e-05 -1.0441649719357556e-06 2.5970855463374676 2.6164614638166483 -3.937490860211253e-05 3.7392099596142555e-06 1.36017186729424 1.3600479007086983 
2.6508038932941473 2.6185844301599923 0.008624900076831005 -0.00595147758808709 9.39680947235227e-06 -1.0438283735156122e-06 2.581410882574182 2.6164619800175966 2.89368944038391e-05 3.738463394421343e-06 1.3600415443133538 1.3600479033565112 
2.6426511248011293 2.618584408922962 -0.028225204709510773 -0.005952139180693178 4.929391090607632e-06 -1.0438844732522847e-06 2.589400687310946 2.616462067771758 -5.183907869851583e-06 3.737396872717112e-06 1.3600055620971228 1.3600479070634492 
2.5661275160008645 2.618582062231119 -0.0185116756033024 -0.005952440866921552 4.8633897503912735e-06 -1.0464089614033601e-06 2.6675980848441747 2.6164608495375195 2.0154898726272585e-05 3.7338986815273743e-06 1.3599454627092806 1.3600478958311482 
2.6148388604430353 2.6185836019158124 0.01954414201206847 -0.005951530515495573 1.3667009229761354e-05 -1.0450625677227866e-06 2.6158507929327315 2.616461257336269 1.5587916571199864e-06 3.737375542283057e-06 1.3600575777122406 1.3600478969738885 
2.6584904983545354 2.618585226548627 -0.022030088595339628 -0.005951985691208556 2.4729400457370308e-05 -1.0432673761486704e-06 2.574956403994099 2.6164622019840045 -3.539490556725861e-05 3.738847342234827e-06 1.3599021418009338 1.3600479082898047 
2.6067018710634975 2.618582518827269 -0.01043483662794785 -0.005951975105726856 -1.9123988112556932e-05 -1.0452869666695308e-06 2.6250020188312435 2.6164615412467906 -1.7761206353539218e-05 3.735029194533825e-06 1.3600728722041033 1.3600479000119055 
2.6492014425576813 2.6185849186116883 0.03817236684819689 -0.005951107096227676 -1.3179688062697656e-05 -1.0439686228573206e-06 2.583947783106942 2.616461592866885 -1.0621099509149827e-05 3.739892533504948e-06 1.3599557826017903 1.3600478990085236 
2.5746795273895478 2.618582518827269 0.0405655007938821 -0.00595140878245605 -9.33208762177824e-06 -1.0464650611400326e-06 2.6603788390730716 2.616460374632647 9.92409730485674e-06 3.7363730118811006e-06 1.3598913658993028 1.3600478883894005 
2.549242253217535 2.61858175429418 -0.011243974970668522 -0.0059524461596623945 6.081595532625938e-06 -1.0469419089019385e-06 2.686519461578279 2.616460498520875 6.766411057012673e-05 3.7335787250161105e-06 1.3599342908063294 1.3600478925701576 
2.6164640932037084 2.6185835435139793 0.010957167502756632 -0.00595165754127594 3.6725886895298777e-06 -1.0449503682493874e-06 2.613966251672477 2.6164613812244966 -3.657040972352148e-07 3.737098246639958e-06 1.360053571292635 1.3600478983396025 
2.621003513730142 2.618586076029837 -0.009840673540277234 -0.005952462037884937 6.83070027217269e-05 -1.0444174207508631e-06 2.6266844622582064 2.616460813403453 1.9030891502219444e-05 3.739551246559629e-06 1.3615403454 1.3600478992314975 
2.632717535754527 2.618584615984007 0.03379024206254845 -0.005951281756675683 -3.6651705694538354e-05 -1.0444735204875356e-06 2.5994431909289015 2.6164613037943543 -1.8821392918813237e-05 3.7392526204824204e-06 1.3599723809882023 1.3600478973083492 
2.556201635996245 2.6185826568679658 -0.016163312952455988 -0.00595260494188786 3.100121077002883e-05 -1.0466053104817952e-06 2.6814984885178133 2.6164604623868084 0.0002051087889812231 3.734538594549902e-06 1.3601288823933477 1.3600478936850262 
2.606658250203352 2.6185832408862977 0.05816272088365487 -0.005950958899483924 3.0478894171571762e-05 -1.0456516149580375e-06 2.628343986363062 2.6164607411353207 -1.9421938195109535e-06 3.7380154553055844e-06 1.3599506666092291 1.3600478901731903 
2.61874885255749 2.618583681554676 -0.06990727358852511 -0.005953044239378286 8.896079398118257e-05 -1.0445857199609348e-06 2.618374994922162 2.6164619129114732 -1.6089902851760423e-05 3.7349865336656603e-06 1.3597949960041504 1.3600479090144693 
2.593080105374204 2.618582317075482 -0.01982225879950686 -0.005952234450028446 -2.0938113347786664e-05 -1.0456235650896741e-06 2.6388237431563333 2.6164613709004776 -2.8646596136122952e-05 3.7344319423794625e-06 1.3600519125075448 1.3600478995380862 
2.6197989334462606 2.6185836974824483 -0.042119861474898844 -0.00595252555077512 2.5373313235104117e-05 -1.0445857199609348e-06 2.6127269874077172 2.616461804509274 -4.6378914181709305e-06 3.7358397510290123e-06 1.3599934700931315 1.3600479057813504 
2.6374383789211784 2.6185828320734656 0.00279584579797576 -0.005951562271940672 1.1976107066172356e-05 -1.044501570355899e-06 2.5980601337279667 2.6164619903416155 7.030159741417167e-05 3.735925072765342e-06 1.3603878770953928 1.360047901823567 
2.649395931280764 2.6185840744397355 -0.003030625623345329 -0.0059516416630533975 -5.4191870873510875e-06 -1.0438844732522847e-06 2.583197392112334 2.6164621039058242 4.8312500856155115e-05 3.737631507492046e-06 1.3601074523894783 1.3600479046107383 
2.637171949758104 2.6185845575821736 -0.015184224701084839 -0.005952001569431112 1.5208686093753595e-05 -1.0440527724623564e-06 2.5941855500576327 2.6164618303193214 -1.9025205216485286e-05 3.7378874727010355e-06 1.360038777404637 1.360047904554995 
2.5649031720057014 2.618582131251467 0.0047178305387949315 -0.005952049204098739 -5.150883552074593e-07 -1.0465211608767593e-06 2.668334445497007 2.616460617247093 1.8802698518389453e-05 3.734687907588452e-06 1.3600076601961777 1.3600478924029273 
2.5973912225161304 2.6185821896533 -0.009233733776197933 -0.005952006862171955 -1.675481208251119e-05 -1.0456235650896741e-06 2.6347249424420704 2.6164613915485155 -3.934459805527926e-05 3.734559924983957e-06 1.36007830690972 1.360047898590448 
2.6271317614381324 2.618583872687948 -0.02974819618145367 -0.005952250328250988 5.53179006319046e-06 -1.0443893708824998e-06 2.6043012871041316 2.616461856129369 -3.720490778654829e-06 3.7365009944855952e-06 1.360035994497556 1.360047905223916 
2.6115469455478877 2.6185834001640247 -0.026890719495633764 -0.005952297962918629 4.465306018835318e-06 -1.0449503682493874e-06 2.6196592977196667 2.6164615980288946 -8.268040908277169e-07 3.7358184205949028e-06 1.3599133175919893 1.3600479028269485 
2.63793958345373 2.6185848867561425 0.001680760570498277 -0.005951768688833764 -3.101791114270701e-06 -1.0440527724623564e-06 2.5937426444819325 2.616461634162961 -3.299139225468041e-05 3.7387833509326066e-06 1.3599624962010282 1.3600479023252576 
2.624248611592091 2.6185844407785073 0.019112836560311125 -0.005951562271940672 -2.7582902759832147e-05 -1.044613769829244e-06 2.6070959112843783 2.616461277984307 -1.278799431643485e-05 3.7385487161576726e-06 1.3600893490977117 1.3600478981445006 
2.5846836578867736 2.6185831559381767 0.022002281400856943 -0.005951721054166123 -2.3068893546766042e-05 -1.0459601635098175e-06 2.6479155181916227 2.616460658543169 4.09453955322444e-05 3.7366503075241995e-06 1.3600661618937275 1.3600478924586707 
2.6142969657605133 2.618583766502797 -0.02770141919690479 -0.005952340304845427 2.7150496793723112e-05 -1.0447820690393157e-06 2.6172418306003276 2.6164615773808566 -4.286075473487641e-07 3.736309020578826e-06 1.3599027129063006 1.3600479031614092 
2.661918399263669 2.618585470774475 0.008108773160233021 -0.005951519930013874 -8.85080798071025e-06 -1.0433234758853971e-06 2.5715193264375453 2.616462016151663 -3.548419476433396e-05 3.739935194373113e-06 1.360009140908884 1.3600479048894554 
2.6261562915459082 2.618584823045052 0.013044232830645514 -0.005951699883202738 -3.2462906655067214e-05 -1.0444735204875356e-06 2.6061889617041425 2.616461277984307 -2.3721398906141502e-05 3.7388686726689364e-06 1.3601847063995394 1.360047899064267 
2.6481736764784523 2.6185845363451437 0.05104076645577055 -0.005950890093852884 4.090009345867636e-05 -1.0441649719357556e-06 2.5861692435641803 2.616461525760762 2.387080965673326e-05 3.7396792291641235e-06 1.3598968041028197 1.3600478969738885 
2.6204038861808696 2.618583750575024 0.009291584299609967 -0.00595165754127594 -1.4431806135761739e-05 -1.0448381687760424e-06 2.610413782555928 2.6164614431686104 -1.1837808799731726e-05 3.737375542283057e-06 1.3601934832024456 1.3600478990921387 
2.652096113492637 2.6185841222230537 0.010819164577868662 -0.005951414075196906 2.4079288658732155e-05 -1.0438844732522847e-06 2.581119745239308 2.616462057447739 6.082209654206035e-05 3.7380367857396397e-06 1.3601283196913032 1.360047903077794 
2.6191734551219095 2.61858404258419 -0.04696285166994439 -0.005952673747518886 8.15564982839525e-05 -1.0445576700925715e-06 2.614861029234351 2.6164617219171222 -1.3343908089530462e-05 3.7361383771061666e-06 1.3600271314038217 1.3600479061158108 
2.600958082623485 2.618582274601421 0.0028771528828928916 -0.005951789859797163 6.176207738554484e-06 -1.0455674653530016e-06 2.631193436246034 2.616461355414449 -3.526099310207964e-05 3.73507185540199e-06 1.3602109277183674 1.3600478972804775 
2.627558944301728 2.618583920471266 0.03223021728288747 -0.005951265878453141 1.7261010810971282e-05 -1.0447259693026432e-06 2.603921781328909 2.616461355414449 6.384909020781511e-06 3.738228759646409e-06 1.3600814241937602 1.3600478968902734 
2.624274711902275 2.6185837824305693 0.029413050111370964 -0.0059513188058616245 1.4202004368710523e-05 -1.0448381687760424e-06 2.6072026771265273 2.6164613399284207 4.570307662826766e-06 3.7379727944374195e-06 1.3600021147004957 1.3600478967787866 
2.552527171838528 2.61858134017209 -0.013344647935279313 -0.005952414403217296 -5.002702642160645e-06 -1.0468858091652118e-06 2.682679019438669 2.616460679191207 -4.186540742488504e-05 3.7330667945980776e-06 1.3599427880001955 1.3600478934063092 
2.625401824809041 2.6185839894916145 -0.02676546678345021 -0.0059522397427693025 1.610050360792279e-05 -1.0444735204875356e-06 2.6058709457858877 2.616461773537217 -6.609207475340379e-06 3.7366929683923644e-06 1.3598882146953861 1.3600479046107383 
2.5921681129654144 2.6185820038292853 0.015575793120486611 -0.005951625784830855 3.2327492694997774e-05 -1.0459601635098175e-06 2.6409243712955797 2.6164611076379938 -5.959530689632296e-05 3.73507185540199e-06 1.360085813487108 1.3600478943260756 
2.5833635534675583 2.618582104705179 0.015859050025225224 -0.005951705175943581 1.828581275096537e-05 -1.0461284627198892e-06 2.6490910419632794 2.616460906319624 -4.831750111789705e-05 3.735178507572375e-06 1.360036184889238 1.360047893211207 
2.627157798037226 2.618583177175207 0.014122300628627474 -0.00595147758808709 3.28112126746118e-05 -1.0447820690393157e-06 2.6050201278967764 2.616461654810999 2.447789514119621e-05 3.7367356292605292e-06 1.3600726446872975 1.3600478992036258 
2.6210892582397998 2.618583150628919 -0.02463144425875201 -0.005952144473434021 -3.309230362593234e-05 -1.0447259693026432e-06 2.6105015109071013 2.616461825157312 8.67669351962806e-06 3.7356051162540783e-06 1.3599409093072774 1.3600479038024587 
2.6434200858111465 2.618584398304447 0.03245425900301127 -0.0059511811945995585 1.9042205500763635e-05 -1.0441930218040647e-06 2.5890313145603394 2.6164616186769325 1.3753208849000894e-05 3.738996655273431e-06 1.3599995629056716 1.360047898980652 
2.6465941298791167 2.6185837293379937 0.010138973280443914 -0.005951435246160305 2.771441134693625e-05 -1.044108872199029e-06 2.5867793414650437 2.616462005827644 6.548200716333981e-05 3.7375035248875515e-06 1.360154569717997 1.3600479023810013 
2.6358565387225754 2.618584754024704 0.014705433644369492 -0.005951562271940672 -2.0159813650810716e-05 -1.044221071672428e-06 2.5956004981531566 2.616461515436743 -2.445420596909522e-05 3.738953994405266e-06 1.3600656243040976 1.3600479003742376 
2.671719288726718 2.618585051343127 0.05447396632014434 -0.005950715433404877 9.690350690129998e-05 -1.0434356753587421e-06 2.565627491405144 2.6164619283975017 7.434759681208131e-05 3.7405751073956404e-06 1.3599725491939993 1.3600478997053165 
2.624967272695947 2.618584249645235 0.0010321245940132368 -0.005951826908983104 -1.1082869709730164e-06 -1.0445576700925715e-06 2.605633111360942 2.6164615051127242 -8.80980436847805e-06 3.7378021509647057e-06 1.3600783690079 1.3600479007644417 
2.6311053372211735 2.618583617843585 0.04375459945031568 -0.005951032997855807 7.447659931413534e-05 -1.044810118907679e-06 2.6023624053700436 2.6164613812244966 2.9391296641129226e-05 3.7381647683441344e-06 1.3600801618001939 1.3600478955803028 
2.6144957337451924 2.618583166556692 -0.014634388318021746 -0.005952043911357896 -1.196400676861404e-05 -1.0449223183810782e-06 2.616223928788252 2.6164616290009515 -6.655033482849898e-07 3.7358184205949028e-06 1.3598616266962817 1.3600479015727214 
2.578061097062549 2.6185824922809813 -0.006195478233951182 -0.00595215505891572 3.998983502149578e-07 -1.0460723629832167e-06 2.653904017013614 2.6164609114816333 1.0866305239212487e-05 3.7349652032315508e-06 1.3598613317020551 1.3600478956360462 
2.5848979129757668 2.618582694032769 -0.004039781935477715 -0.00595208625328468 9.137999881684926e-07 -1.0458760139047817e-06 2.646457983517859 2.6164610095598135 7.98379569884539e-06 3.7352851597428145e-06 1.3600301050927885 1.360047896249224 
2.6728927408335017 2.618585661907747 0.04330904594019375 -0.005950916557557126 -9.353994568955869e-06 -1.043211276411998e-06 2.5631865474666737 2.6164619387215207 -9.686506539762028e-06 3.741172359550003e-06 1.3597900487051415 1.3600479015448497 
2.556599379026648 2.6185811065647573 0.028354777164163 -0.0059516204920899984 3.7016505036669995e-05 -1.0470821582436469e-06 2.680533316632612 2.6164603901186756 -0.00013285950343571305 3.7341546467363636e-06 1.3600305723063393 1.3600478877762228 
2.662932414365807 2.618585715000323 0.058803089598934294 -0.0059508107027401586 -8.690290458573103e-05 -1.0435759247005047e-06 2.5736701215659576 2.616461525760762 -5.819280952486992e-05 3.7415776377975967e-06 1.3599613716052186 1.3600478980330137 
2.6333558784099553 2.618583777121312 0.03337119459859661 -0.005951191780081258 4.809398709344862e-05 -1.0446418196976073e-06 2.5990310664157517 2.6164615051127242 2.5347195651853063e-05 3.7381221074759695e-06 1.3600728846070163 1.360047897419836 
2.65618820252302 2.618584939848718 0.019261604920085273 -0.005951339976825024 4.450329539670351e-05 -1.0436600743055405e-06 2.576665493714016 2.6164619180734827 2.7873102995204903e-05 3.7394445943891895e-06 1.3602729507004596 1.360047902603975 
2.6322527102548032 2.618585184074566 0.022790190560033632 -0.00595153580823643 -6.740430507927239e-05 -1.044305221277464e-06 2.6013255022010586 2.6164612315262215 -4.402639370192885e-05 3.7396365682959586e-06 1.360188811512886 1.360047898506833 
2.551257719063787 2.6185832090307524 -0.028056884965041676 -0.0059530336538966 9.26701927207649e-05 -1.0467175099551401e-06 2.695302114837654 2.616460235258391 0.00043682939999999993 3.734559924983957e-06 1.3606687856264 1.3600478936292828 
2.5756700755732536 2.6185827736716325 0.005699919774227277 -0.005952017447653654 -5.299610498595258e-06 -1.046184562456616e-06 2.6568858001717066 2.616460699839245 5.143329267567393e-05 3.735626446688188e-06 1.360017249794023 1.3600478935735394 
2.5815735319706157 2.618583007278965 0.02394823167223885 -0.005951684004980182 -2.2171704482808706e-05 -1.0460443131148534e-06 2.6513269663710903 2.6164606017610645 4.080610779767633e-05 3.736522324919705e-06 1.3599044623023349 1.360047891761878 
2.6304415950775586 2.618583766502797 0.014651373589341266 -0.005951498759050489 1.5272808092790856e-05 -1.0445576700925715e-06 2.6005755035191713 2.6164616186769325 1.4034002683281882e-05 3.7375461857557164e-06 1.3600699101097697 1.3600478997053165 
2.6027733602586594 2.618582932949359 0.0026984064389519308 -0.005951832201723947 1.9281112774014635e-06 -1.04539916614293e-06 2.6277800471510004 2.616461277984307 -8.958200198400058e-06 3.735967733633507e-06 1.3600543790985373 1.360047897698553 
2.623867736072968 2.6185846053654918 0.00988036996257835 -0.005951747517870365 -2.0440508683341747e-05 -1.0445576700925715e-06 2.6077929064528886 2.6164613089563638 -1.5894494745117454e-05 3.7385060552895077e-06 1.3601768187043266 1.360047899287241 
2.589190649468007 2.6185829860419347 -0.007942469084091089 -0.005952144473434021 5.069387983518863e-06 -1.0456796648264008e-06 2.6420770480132623 2.6164610611799084 2.0720795142519432e-05 3.7356051162540783e-06 1.360046007104413 1.3600478973083492 
2.5878587372599693 2.618583150628919 0.02067068073074245 -0.005951699883202738 -1.779049737142324e-05 -1.0458760139047817e-06 2.644231918548162 2.61646074629733 2.8716892306697363e-05 3.7366503075241995e-06 1.3600498229929778 1.3600478930718485 
2.660589800032351 2.6185853380430357 0.030291359284242772 -0.0059511811945995585 -1.7432300552654276e-05 -1.043519824963778e-06 2.573150056853502 2.616461835481331 -1.965509293498397e-05 3.740319142186651e-06 1.3599881263886626 1.3600479017399518 
2.6145331852480487 2.6185835382047213 -0.017341852849968073 -0.005952133887952321 2.6123878156840614e-06 -1.0448662186443515e-06 2.6160531953245827 2.6164615567328187 -2.3849069789230867e-06 3.736245029276606e-06 1.3600185570889214 1.3600479019350538 
2.628012269949568 2.618583655008388 -0.011273333804156044 -0.005951911592836673 -8.874510119461995e-06 -1.044501570355899e-06 2.6027247423017243 2.616461783861236 9.517304596441992e-06 3.7366929683923644e-06 1.360063426591535 1.360047902882692 
2.5911525794156125 2.618582571919845 -0.01226103334488797 -0.005952144473434021 -5.644287280821814e-06 -1.0456796648264008e-06 2.639907465751334 2.616461226364212 -1.382429079553485e-05 3.7349865336656603e-06 1.36009862499941 1.360047898200244 
2.620609933157669 2.6185832408862977 -0.046645281926283914 -0.005952530843515977 -3.0286503345224253e-05 -1.044613769829244e-06 2.6124662078506167 2.6164619283975017 5.927392540115131e-06 3.735114516270155e-06 1.3600016656871745 1.3600479066175017 
2.581692167330882 2.6185818923348765 0.010693197345670535 -0.005951784567056306 1.552469591053129e-05 -1.046184562456616e-06 2.6510688452488735 2.6164609579397187 -6.53341961953044e-05 3.7347092380225614e-06 1.3599244061027704 1.360047893796513 
2.6098320022621566 2.6185837718120544 0.05319291132513457 -0.005951075339782591 -3.3724996456328045e-05 -1.0454272160112933e-06 2.6242187355122057 2.616460761783358 1.1629972175954736e-07 3.738527385723563e-06 1.3599798817961455 1.3600478913159304 
2.601177954906981 2.618582720579057 -0.011001646830912606 -0.005952059789580438 -9.541311589765554e-06 -1.0453711162745666e-06 2.6297179481032864 2.6164614018725345 -1.375880636289719e-05 3.735263829308759e-06 1.3600620022911791 1.3600478994265994 
2.612291303458353 2.6185836603176456 -0.017645126900596317 -0.005952176229879105 1.2858191276025758e-05 -1.0449223183810782e-06 2.6184977268596437 2.6164614844646863 1.7748049630880074e-06 3.736437003183375e-06 1.3599841422943006 1.360047901600593 
2.598602423444194 2.618583134701147 -0.007145377019541974 -0.005952059789580438 -1.0124125209689324e-06 -1.04539916614293e-06 2.632200688832545 2.6164612212022025 1.1559581743479956e-07 3.735925072765342e-06 1.3599657721029959 1.3600478984232176 
2.6151838135254803 2.6185826993420265 -0.002114314571180123 -0.005951795152538006 -4.439994233286374e-06 -1.04509061759115e-06 2.6167083214341718 2.6164616290009515 -1.897207934027905e-06 3.7355624553859134e-06 1.360058484100397 1.3600478999282903 
2.62455615564574 2.618583336452934 0.033050772067618694 -0.005951223536526357 5.861989653908612e-05 -1.0449503682493874e-06 2.607968197970932 2.6164614018725345 1.8272807874876267e-05 3.7374182031512217e-06 1.360113488399464 1.3600478961377371 
2.628879473461548 2.6185836443898727 0.0221964508916309 -0.005951382318751808 2.9287307714396735e-05 -1.0446698695659707e-06 2.6025847486045297 2.6164615464088 1.6878096111863812e-05 3.7375888466238813e-06 1.3600870725918122 1.3600478984232176 
2.62420868597521 2.6185845469636586 0.01109344499412794 -0.005951699883202738 -2.0390804316633925e-05 -1.0445576700925715e-06 2.6072271915095646 2.6164613141183732 -1.4955209080231191e-05 3.7384420639872333e-06 1.3600425117963086 1.3600478992593692 
2.592241736440054 2.618582141869982 0.014089358609585406 -0.00595165754127594 2.4414091887301208e-05 -1.045904063773145e-06 2.6402030114423067 2.6164611024759843 -4.8959589844691756e-05 3.7351998380064848e-06 1.3601329448072277 1.3600478946047927 
2.6219732443149395 2.6185845628914315 0.020213546703643656 -0.005951583442904057 -4.033640652504266e-05 -1.0446698695659707e-06 2.6100042751815864 2.616461185068136 -1.3307710342890032e-05 3.7387406900644417e-06 1.3601094941876697 1.3600478975870662 
2.571147275677624 2.618582423260633 -0.006599843634788841 -0.005952223864546746 3.5291977625489038e-06 -1.0462406621932884e-06 2.6615641087186335 2.616460782431396 3.700638959169985e-05 3.7347732293247816e-06 1.3599394602010955 1.3600478947998949 
2.647362124604257 2.61858465314881 0.009483520253745797 -0.005951530515495573 -6.633493937885739e-06 -1.0439405729889572e-06 2.5852729793435754 2.61646184580535 -1.7816793464761973e-05 3.7387406900644417e-06 1.3598541032983138 1.360047902603975 
2.6567878300722922 2.618583947017554 0.003232782725996086 -0.005951482880827932 1.0397797074121267e-05 -1.0437722737788855e-06 2.577878540132609 2.616462238118071 9.248840576571226e-05 3.737610177057991e-06 1.3602343018858125 1.36004790463861 
2.6255424245678496 2.6185842815007803 0.01929262038145843 -0.005951530515495573 -1.6321806264865386e-05 -1.044613769829244e-06 2.6054319272033286 2.6164613502524396 -8.70679970228674e-06 3.7383567422509035e-06 1.3599767552865678 1.3600478983396025 
2.5935746574070286 2.6185837824305693 0.0375096733520178 -0.00595147758808709 -7.24891010632962e-05 -1.04570771469471e-06 2.6409642736288874 2.6164605294929317 4.727040249898431e-05 3.7379727944374195e-06 1.3601569793949488 1.3600478912044436 
2.650991479982397 2.6185845628914315 0.021072558543381248 -0.005951308220379925 1.7269005023449688e-05 -1.0438844732522847e-06 2.5814674943321885 2.616461856129369 2.2342206758975945e-05 3.7389326639711566e-06 1.360024813313324 1.3600479016842082 
2.593255109122027 2.618583984182357 0.020592147042030037 -0.005951784567056306 -5.270049396801591e-05 -1.0455674653530016e-06 2.6410391434144374 2.6164606430571404 7.029180674492715e-05 3.737674168360211e-06 1.3602946124855073 1.3600478934620526 
2.633507372765285 2.618585024796839 -0.009325017677614789 -0.005952022740394497 2.5168296747368594e-05 -1.0441369220673923e-06 2.5993150698535192 2.6164615670568376 -4.174190421153904e-05 3.7386340378940024e-06 1.360123963704654 1.3600479029941788 
2.5488935889640527 2.6185813507906053 0.03700883187099077 -0.005951546393718116 1.7139498781299574e-05 -1.047306557190391e-06 2.6895044968023463 2.6164601010461443 -5.7302498536640424e-05 3.734687907588452e-06 1.3599051197960808 1.360047885490742 
2.621913982382011 2.618584180624887 -0.04808401296391614 -0.005952673747518886 9.049941340952516e-05 -1.0444454706191723e-06 2.612356561607176 2.616461773537217 -1.944270580281018e-05 3.7363303510129357e-06 1.3599730860868364 1.3600479065617583 
2.593760619462463 2.618582423260633 0.030281546542709356 -0.005951414075196906 4.046170206630829e-05 -1.0459321136415084e-06 2.6391234597509685 2.6164609166436428 -3.275579761022329e-05 3.736010394501672e-06 1.3600888887963463 1.3600478925144142 
2.5586561986800658 2.618580400433501 0.007754879336128187 -0.005951901007354987 1.981758801143169e-05 -1.0470260585069744e-06 2.6801546935610108 2.6164607411353207 -0.0002554805993464805 3.7325761946141543e-06 1.3602516040887598 1.3600478908421114 
2.62479940459029 2.6185839045434935 0.046965684152234594 -0.0059510647543008915 1.2873394304668882e-05 -1.0449223183810782e-06 2.6081378061165337 2.61646114377206 2.8727037358224463e-06 3.7386553683280577e-06 1.3599696614892718 1.3600478943260756 
2.636221072346916 2.6185839629453267 0.006922860474718767 -0.005951583442904057 7.021799069690691e-06 -1.0443332711458273e-06 2.5948258457139755 2.616461763213198 1.6946289509630187e-05 3.737674168360211e-06 1.360023414292613 1.360047901600593 
2.6490451061594533 2.618584552272916 -0.015988213206959756 -0.005951901007354987 -4.901302368092559e-06 -1.043716174042213e-06 2.582953894962984 2.6164621039058242 5.781705675321784e-06 3.73795146400331e-06 1.3600570611936267 1.360047906394528 
2.635412663553199 2.618583665626903 0.049219206179813846 -0.0059509271430388255 9.811629905894398e-05 -1.0447259693026432e-06 2.5990107435844148 2.616461417358563 4.2677405449426174e-05 3.7383994031190684e-06 1.3600828966006955 1.3600478953573292 
2.634822943078541 2.618584053202705 -0.007992400801257349 -0.00595184807994649 -4.0589021773934815e-07 -1.0442771714091006e-06 2.5961355920562244 2.616461835481331 3.79919114025832e-06 3.737375542283057e-06 1.3600492425087793 1.3600479033843829 
2.613027766502821 2.618583909852751 -0.003736126807508372 -0.00595196452024517 4.226293090665368e-06 -1.0448942685127149e-06 2.6176104651835783 2.6164613296044017 2.6089955792427165e-06 3.7371622379422324e-06 1.3600295802962756 1.3600478997610599 
2.632474276191462 2.6185839310897814 0.03176213786771363 -0.005951244707489742 2.8946894512158644e-05 -1.044613769829244e-06 2.5994102108503108 2.616461468978658 1.476819622445104e-05 3.7382714205145737e-06 1.359962926010738 1.3600478975870662 
2.646845385184073 2.618585040724612 -0.0067167973293216915 -0.005951837494464804 9.465503599929829e-06 -1.0437722737788855e-06 2.5852710384280093 2.616461866453388 -3.59827083393097e-05 3.738847342234827e-06 1.3600582357912923 1.3600479047222251 
2.603935493028317 2.6185833789269948 0.03586969642909696 -0.005951350562306723 -1.921901452195656e-06 -1.0455113656163291e-06 2.628296950132648 2.616460906319624 -2.8447058160364783e-06 3.737482194453442e-06 1.3600287164960987 1.3600478930718485 
2.608237350825052 2.6185836868639334 0.004926089305708023 -0.005951837494464804 -4.313489327049242e-06 -1.045118667459459e-06 2.6222642541854584 2.616461216040193 5.998401555180552e-06 3.737055585771793e-06 1.3600668734864714 1.3600478980330137 
2.630384244477353 2.6185845257266283 -0.013361701146293703 -0.005952038618617053 2.0461108091008684e-05 -1.0442771714091006e-06 2.6009849024913136 2.6164616599730084 -2.094598947530987e-05 3.7378234813988153e-06 1.3600646924969375 1.3600479033286395 
2.65478178019433 2.618583835523145 -0.015199954726887052 -0.005951763396092921 -4.546209921711385e-05 -1.043716174042213e-06 2.579759948053107 2.6164623361962507 8.712469747183322e-05 3.7369489336013537e-06 1.3601730701259522 1.3600479069519624 
2.6037573196537287 2.6185821896533 -0.01217053806185757 -0.005952006862171955 -2.8177602043554195e-05 -1.04539916614293e-06 2.628927995467996 2.616461551570809 -3.165071048120261e-05 3.734559924983957e-06 1.3601868933257484 1.3600478998168035 
2.609905174449903 2.6185835010399185 -0.0129132048722599 -0.005952091546025537 5.268598148506858e-06 -1.045006467986114e-06 2.6205477311718846 2.6164614431686104 1.911597036868297e-06 3.736309020578826e-06 1.360059781194248 1.3600479006808266 
2.578091035965952 2.6185829010938138 -0.002748813636858402 -0.005952160351656563 2.5362043732583654e-06 -1.0460443131148534e-06 2.654448175405334 2.616460792755415 5.731309082221387e-05 3.735498464083639e-06 1.3600774683891883 1.360047895078612 
2.677304829435779 2.6185859751539433 7.065587692728359e-05 -0.005951556979199815 -3.1049261549711583e-07 -1.0427063787817829e-06 2.558404712238549 2.6164623103862032 -4.7684691129928826e-05 3.740553776961531e-06 1.359982058911511 1.360047907955344 
2.6210608537118327 2.6185836125343274 -0.038563758875278305 -0.0059524249886989955 2.8459871192634085e-06 -1.044613769829244e-06 2.6110614547238225 2.616461835481331 -4.028992846810838e-06 3.7358397510290123e-06 1.3599837263089611 1.3600479055862484 
2.5748837293993434 2.6185820250663157 -0.029121710325420276 -0.005952546721738519 -7.741099089235046e-06 -1.0461565125882526e-06 2.6587730101908638 2.6164611231240222 -1.3123308740234363e-05 3.733600055450166e-06 1.3599977011866278 1.3600478984510893 
2.5826839154067973 2.618582433879148 -0.03702915512991344 -0.005952657869296343 9.223096637690081e-06 -1.0458479640364725e-06 2.6511062801416485 2.61646124701225 9.690593042939867e-06 3.7340053336977594e-06 1.3598884104941806 1.3600479003184942 
2.5918290425403505 2.618583177175207 -0.017695460866067075 -0.005952324426622871 1.8282110168343793e-05 -1.0455674653530016e-06 2.639978009772937 2.61646114377206 2.9300898261481534e-05 3.7355837858199688e-06 1.3600560560002422 1.3600478988970368 
2.5980901968929393 2.6185835169676914 -0.01055135102499026 -0.005952176229879105 1.4078304449307937e-05 -1.0453430664062575e-06 2.6333621409663497 2.61646114377206 2.701790190147755e-05 3.736309020578826e-06 1.3600434288872036 1.3600478986740632 
2.62399159043342 2.618582948877132 -0.007814210095105509 -0.005951826908983104 -1.8367511213153605e-05 -1.0447259693026432e-06 2.608119424200763 2.616461794185255 1.8000802179437842e-05 3.735775759726738e-06 1.3601896444869463 1.3600479018793104 
2.5770492640652694 2.618582460425436 -0.020174675948914908 -0.005952409110476453 8.947590830802937e-06 -1.0460443131148534e-06 2.6555639540792284 2.6164610095598135 2.3222705747526868e-05 3.7344319423794625e-06 1.36001649399674 1.360047897419836 
2.6338722992746857 2.6185850141783242 0.02471287394264482 -0.005951472295346247 -5.6381394041359425e-05 -1.0442771714091006e-06 2.5988501689554093 2.6164613089563638 -3.8066499775403744e-05 3.739508585691464e-06 1.3601705582155519 1.360047898590448 
2.622511751691136 2.618584568200689 -0.028887638861388266 -0.00595240381773561 7.470380324773191e-05 -1.0444454706191723e-06 2.6109073532547096 2.6164615567328187 -1.9697391185772412e-05 3.7373542118489473e-06 1.3600999889017606 1.360047904053304 
2.6085745364636805 2.6185836868639334 -0.007475771074278756 -0.005952049204098739 7.068586250090622e-06 -1.0450625677227866e-06 2.6220567207561807 2.6164613296044017 6.538509476619961e-06 3.7366929683923644e-06 1.3600667638948898 1.3600478997610599 
2.6279249008070957 2.618583288669616 0.013138316591971302 -0.005951498759050489 2.7518286667466163e-05 -1.0447259693026432e-06 2.6039361575253204 2.6164616599730084 2.352060658994317e-05 3.736820950996859e-06 1.3600070622085423 1.3600478995102145 
2.599692504279451 2.61858260377539 0.044320351105110706 -0.005951170609117873 6.34977966941953e-05 -1.0458479640364725e-06 2.6344895238375625 2.616460875347567 -2.0762697055226598e-05 3.7367569596945846e-06 1.3600009300132694 1.3600478911487002 
2.620137717171416 2.618584823045052 0.009320779058131182 -0.005951826908983104 -2.8304205124330518e-05 -1.044613769829244e-06 2.6130735647244445 2.616461154096079 -1.0819109928751017e-05 3.7386980291962226e-06 1.3603250908742697 1.360047898590448 
2.631859772102495 2.6185839735638416 0.01349082371797379 -0.005951519930013874 8.203708322286596e-06 -1.0444454706191723e-06 2.5989376701781652 2.6164616083529135 8.912608120596386e-06 3.7378021509647057e-06 1.3600480031093776 1.3600479000397772 
2.6174555386519427 2.6185827949086624 -0.03570391633429905 -0.005952324426622871 -6.235919965895712e-05 -1.0448381687760424e-06 2.6153999894825217 2.616461887101426 7.267903670120216e-06 3.7347732293247816e-06 1.3599287159059887 1.3600479047779686 
2.62531831018756 2.618583394854767 -0.005858150688702657 -0.005951816323501405 -7.436000671243647e-06 -1.0446418196976073e-06 2.6055835509078897 2.61646174256516 1.2048693861353374e-05 3.73647966405154e-06 1.359980594197169 1.3600479018793104 
2.620607910330537 2.61858299666045 -0.0503413748749811 -0.005952578478183604 -6.152039639596046e-05 -1.044613769829244e-06 2.613304120716019 2.6164620109896535 1.162679920560717e-05 3.734687907588452e-06 1.359869725700898 1.3600479072028078 
2.618496976069399 2.618582863929011 -0.045572644480412684 -0.0059524937943300354 -6.759919556453527e-05 -1.0447259693026432e-06 2.615116058312887 2.616461964531568 1.0108498907512409e-05 3.7345812554180667e-06 1.3600086517045504 1.3600479062272979 
2.6280399524185065 2.618583909852751 0.02512225686180701 -0.005951371733270122 1.376911075053809e-05 -1.0446698695659707e-06 2.6030189200601836 2.6164614431686104 6.650600907731044e-06 3.7380581161737493e-06 1.3600180480956707 1.3600478978657835 
2.5826344915281343 2.6185814941405594 -0.037267963597005 -0.005952567892701918 -6.572829739577473e-05 -1.0459601635098175e-06 2.652796920839671 2.6164614121965535 -7.480138940694928e-05 3.7327255076527585e-06 1.3600875658096725 1.360047900541468 
2.6523857547297807 2.618584164697114 -0.031071360222655393 -0.005952065082321295 -4.6661104864466183e-05 -1.0436039745688138e-06 2.5810874362219507 2.6164623465202697 4.4287191979306914e-05 3.7370342553376835e-06 1.359948933991967 1.3600479087636237 
2.5729130843054464 2.618580772081531 -0.029163067802411707 -0.005952467330625794 -7.404920669079124e-05 -1.0463809115349968e-06 2.664860082745953 2.6164612728222973 -0.00016387570368935466 3.7319362815916267e-06 1.3603026612234865 1.3600478980887571 
2.5564295119855185 2.6185821259422095 -0.012640162957359216 -0.005952440866921552 1.0591200916361789e-05 -1.046689460086831e-06 2.6787348415564773 2.616460586275036 8.96857147096872e-05 3.7340479945659243e-06 1.3599847662862456 1.3600478936850262 
2.612654785849696 2.618583118773374 -0.01088690020931364 -0.005951985691208556 -7.802500251042851e-06 -1.045006467986114e-06 2.617961218565978 2.6164615567328187 -2.2104026976823773e-06 3.7358610814630677e-06 1.360007910595661 1.3600479008201851 
2.578553971369983 2.618582476353209 0.06535365031027893 -0.0059509747777064664 5.931107988953589e-06 -1.0465772606134318e-06 2.6607851924596186 2.616460162990258 -5.044193526601809e-06 3.7371622379422324e-06 1.3599387539039776 1.3600478851005382 
2.6446829139597616 2.61858528495046 -0.005431164113477827 -0.005951879836391588 1.3112210883760452e-05 -1.0437722737788855e-06 2.5881902941652277 2.616461732241141 -5.649580285001994e-05 3.7391672987460906e-06 1.3600434402867347 1.360047904053304 
2.580147199926061 2.6185827736716325 -0.008185040689926051 -0.005952218571805903 6.254298572027695e-06 -1.0459882133781809e-06 2.6519397278688475 2.616460906319624 3.740130124832989e-05 3.7352424988746497e-06 1.3600259978890632 1.3600478961377371 
2.619588070972851 2.6185831134641164 0.004798026148133835 -0.005951678712239339 8.348305393606436e-06 -1.0449503682493874e-06 2.6115600222477844 2.6164615877048756 6.55120108489991e-06 3.736351681446991e-06 1.360138885802539 1.3600478995938297 
2.586297889865774 2.618582694032769 -0.00646572558168379 -0.005952118009729779 7.24210928022839e-07 -1.0458199141681092e-06 2.6449674739275144 2.6164610508558894 4.652195199274993e-06 3.7352851597428145e-06 1.359895823506223 1.3600478968066583 
2.636525770638511 2.6185852796412026 0.03030058982428284 -0.005951403489715207 -8.520369966111185e-05 -1.044221071672428e-06 2.5973444985432113 2.61646124701225 -5.3285103250837326e-05 3.7400205161094427e-06 1.3601517168807844 1.3600478980330137 
2.658889563390072 2.6185844407785073 -0.03173630313369515 -0.005952038618617053 -4.310850488893389e-05 -1.0433795756220696e-06 2.5751625307757924 2.6164624394364404 4.470309278307554e-05 3.7374608640193866e-06 1.3598277297023733 1.3600479097948772 
2.5936072721762438 2.61858214717924 -0.006226012055907101 -0.005951985691208556 -1.014040067788362e-05 -1.0457357645630733e-06 2.638410596565306 2.6164613089563638 -4.448209709569811e-05 3.734559924983957e-06 1.3601572300174058 1.3600478976706813 
2.5864683011058043 2.6185828320734656 -0.0037639877953357104 -0.005952080960543837 1.7662915869176392e-06 -1.0457918642997458e-06 2.644690057213848 2.616461004397804 1.6499694211214778e-05 3.7355197945177485e-06 1.3600785891108296 1.360047896332839 
2.6398943989962005 2.6185852053115966 0.010329215557508153 -0.0059516628340167965 -2.525009338409602e-05 -1.043996672725684e-06 2.5927213873636923 2.6164615309227717 -4.8404507958525414e-05 3.73942326395508e-06 1.36009554559303 1.3600479013776194 
2.641019250159244 2.6185838408324025 0.01970112470563974 -0.005951339976825024 3.798590848668219e-05 -1.0443332711458273e-06 2.5913667986450597 2.616461783861236 4.106360879793761e-05 3.73786614226698e-06 1.3600855422953257 1.3600479004299812 
2.613869273208192 2.6185831984122374 0.021105405293088034 -0.00595147758808709 2.2347686136174225e-05 -1.045202817064495e-06 2.617238361729955 2.6164613089563638 -7.65201797193278e-07 3.736906272733189e-06 1.3600456774099017 1.360047896527941 
2.6187347140045976 2.618583506349176 0.027439185924753223 -0.005951371733270122 2.1035513294982938e-05 -1.045006467986114e-06 2.6125695151464114 2.616461277984307 3.5442924529552095e-06 3.7375035248875515e-06 1.3600020451884396 1.3600478963607108 
2.662024956062977 2.6185848655191126 -0.01811693769806845 -0.005951842787205647 -9.586387728196405e-06 -1.0432673761486704e-06 2.5715230430843734 2.61646234135826 1.6883407389950747e-05 3.7384420639872333e-06 1.359864766904807 1.3600479084291632 
