2.5520933869131515 2.6185244567865498 0.06566011059089805 -0.0063327560533428945 2.165230185002684e-05 -1.5623021400093919e-06 2.692040272017039 2.6161806298527037 -3.595369894895554e-05 2.9160898387491758e-06 1.3597379180007467 1.3600453860668698 
2.659598497934071 2.6185287466666614 0.03903567639350358 -0.0063327560533428945 3.603930372325778e-05 -1.557730011469147e-06 2.5746849287533484 2.616182224913634 3.143270450469852e-05 2.9209958385884634e-06 1.359984862304302 1.3600454061902476 
2.6518559863915345 2.6185277325984666 -0.01382506472937138 -0.006333835772476024 -3.3371694339585315e-05 -1.5578983106792187e-06 2.581674516722527 2.616182704980516 6.681550058053136e-05 2.9183508647620776e-06 1.3601385944873787 1.360045412322025 
2.6147994551333955 2.6185271061060744 0.003792373630443255 -0.006333761674104141 -5.063087464153679e-07 -1.5593849537015006e-06 2.6151388537467666 2.6161819719751693 1.6079100711947686e-05 2.9178602647781e-06 1.3602107855726233 1.3600454045179449 
2.623588437269559 2.618527472444846 -0.014844541886158663 -0.006334095116777599 4.5777859908998275e-06 -1.558936155807958e-06 2.6069981325007405 2.6161822042655962 -4.027307742518189e-06 2.917902925646319e-06 1.3598791092989013 1.360045408197011 
2.5847375468510476 2.6185252850307297 -0.010371440178062602 -0.006334238020780522 -1.1317008505362268e-05 -1.5606471977770383e-06 2.647337022112817 2.6161818997070365 -4.4199298200613265e-05 2.9150019866108897e-06 1.360070627694932 1.360045402343951 
2.569830622275825 2.618524977093791 0.02864269168084843 -0.006333475866098309 2.0977309818166496e-05 -1.5613764943539976e-06 2.6646265844089734 2.6161813215619745 -4.9553002520906936e-05 2.9156418996334173e-06 1.359831720304781 1.3600453945956144 
2.589281182927987 2.618525794719456 0.04887319853957353 -0.006332936006531745 3.833740138691665e-05 -1.5607593972503833e-06 2.645787841122682 2.6161813009139365 -2.147349111020566e-05 2.9173056734919565e-06 1.3599274501120733 1.3600453943168973 
2.625397672969626 2.6185268140969082 -0.009810393769882048 -0.006333936334552148 -1.678389979598523e-05 -1.5590483552813572e-06 2.6059622101135576 2.6161823436398524 1.591861052590009e-05 2.917135030019297e-06 1.3600487218930235 1.3600454079740374 
2.6247033176468975 2.618527010539438 -0.014551186431880803 -0.006334052774850815 -1.5067893000227214e-05 -1.5589922555446847e-06 2.6062721578109893 2.616182338477843 8.571598470896453e-06 2.917284343057847e-06 1.3598416487948033 1.360045408419985 
2.622269989338704 2.61852735564118 0.013993348290590707 -0.006333481158839152 1.6781373952625593e-07 -1.5591044550180297e-06 2.608205098072162 2.6161819822991883 1.6572102799832737e-06 2.9184575169324627e-06 1.3600106081038086 1.360045404211356 
2.5746603556604843 2.618525624823214 -0.016196694268988496 -0.006334481486859556 9.314202610075486e-06 -1.5608996465921459e-06 2.65812433143112 2.616181677740629 3.406360024461148e-05 2.915193960517659e-06 1.3599575738890115 1.3600454014241845 
2.6118302528407575 2.6185280670816935 -0.0042956594918062 -0.006334063360332515 1.2973195736241342e-05 -1.5593008040964648e-06 2.6218234908436937 2.616181708712686 1.6141598883813587e-05 2.918756143009671e-06 1.3601626806098999 1.3600454042392276 
2.6361479532517453 2.6185281095557538 0.004290230005631654 -0.006333613477360375 -1.0252874105393626e-06 -1.5584873579144697e-06 2.5950622915583708 2.616182157807511 -5.7386911299407446e-06 2.91926807342765e-06 1.360061304690036 1.3600454074723465 
2.555326678313593 2.6185250938974574 -0.008294441643267855 -0.006334465608637013 6.810387211972498e-06 -1.5616569930374685e-06 2.67973918276964 2.616181357696041 8.943128529193402e-05 2.9146180387973515e-06 1.3598340909055886 1.3600453974942728 
2.6265600499651316 2.618527153889392 -0.018686383685975833 -0.006334132165963541 -1.5261493191546198e-05 -1.5588800560712855e-06 2.604443903102144 2.6161823746119093 9.294209586358057e-06 2.9173909952282862e-06 1.360025661087265 1.3600454093118797 
2.6235195655804397 2.6185273344041495 0.013365174050226594 -0.006333486451580009 3.315205316942909e-06 -1.5591044550180297e-06 2.6074899894123735 2.616182013271245 1.0704100383341123e-06 2.918372195196133e-06 1.3599262407026362 1.3600454044622012 
2.6199678634034305 2.6185278706391637 -0.00265197235755045 -0.006333899285366207 4.278802444207682e-06 -1.5590483552813572e-06 2.611156012413543 2.6161819306790934 -7.0970984941423295e-06 2.918670821273287e-06 1.3600135523045014 1.3600454058000437 
2.5854135639981504 2.618524270962535 -0.009969414168680052 -0.006334200971594581 -3.164369622510969e-05 -1.5607874471187467e-06 2.651192640560309 2.616182075215359 -0.0001365552037798792 2.9137221605658346e-06 1.3604540302753747 1.3600454021767208 
2.60785174475744 2.618527068941271 -0.02512238831439205 -0.006334465608637013 2.7175012378656853e-05 -1.559525203043209e-06 2.6237108247510785 2.61618206489134 7.381594883787619e-06 2.917007047414748e-06 1.3600139607923496 1.3600454071100143 
2.572770058215931 2.6185246266827917 -0.03085742234481169 -0.006334793758569629 -3.37145058055669e-05 -1.5610679458022175e-06 2.6619918534724802 2.61618196681316 -6.726890922758579e-05 2.913551517093175e-06 1.3599265748008782 1.3600454034588196 
2.607098249614707 2.6185277060521788 0.02871016354118716 -0.006333354133058786 -6.556399529194235e-05 -1.5596654523849715e-06 2.6262120248262506 2.6161814144781452 1.85203049015522e-05 2.91918275169132e-06 1.3599956134001072 1.3600453994452928 
2.5943495913318046 2.618524276271793 0.007382302136827584 -0.006333777552326683 3.146821302810909e-05 -1.5605910980403116e-06 2.6444881090788317 2.616182075215359 -0.000127962099761343 2.914170099681593e-06 1.3607784953840107 1.360045400783135 
2.6005688981162747 2.618525736317623 0.013897464997376374 -0.006333592306396976 2.6536008327883486e-05 -1.5601703500151866e-06 2.6315763231374687 2.6161818997070365 -3.22586065221608e-05 2.9162818126558907e-06 1.3601805797134856 1.3600454011454672 
2.6196748667155063 2.6185271485801347 -0.005737698492468843 -0.006333909870847906 -2.185401915431038e-06 -1.5591605547547564e-06 2.6105966725519307 2.616182137159473 6.173942792594262e-07 2.917668290871385e-06 1.3600536054076136 1.3600454064968366 
2.5597881722121314 2.61852404266446 -0.015178355051483669 -0.00633452382878634 -1.990770143412351e-05 -1.5616289431691051e-06 2.6757367774204734 2.6161817345227334 -0.0001239942017478317 2.9132102301478017e-06 1.3600457555064458 1.360045399528908 
2.577964919861778 2.618525953997183 0.022136992240937056 -0.006333613477360375 -1.4182190357357272e-05 -1.5608996465921459e-06 2.6549144184259097 2.616181326723984 3.243310186323519e-05 2.916665760469429e-06 1.3599719505095713 1.3600453965187627 
2.6065682211228403 2.618526378737788 -0.024560500360416557 -0.006334417973969372 -1.3851790958118446e-05 -1.5596654523849715e-06 2.624549589348046 2.6161821887795678 -4.858192141389875e-06 2.9161324996173407e-06 1.3600519950078196 1.3600454071936294 
2.644365866335073 2.6185281945038748 0.02756687859046801 -0.006333073617793811 1.596549959157704e-05 -1.5582910088360346e-06 2.5876543278825577 2.616182126835454 1.4116103524070987e-05 2.9199506473183423e-06 1.3599143431038538 1.3600454055770699 
2.620138805569217 2.6185269946116656 0.02115798338067862 -0.006333338254836243 2.10508004732311e-05 -1.5593008040964648e-06 2.6109151324030013 2.6161819513271314 5.219307450264675e-06 2.9181162299871436e-06 1.3600618758093386 1.3600454029013853 
2.6180897613235015 2.6185276157948003 -0.004145530897633948 -0.006333936334552148 4.802689835292119e-06 -1.5591605547547564e-06 2.612616659779025 2.616181977137179 -3.302008992362034e-06 2.918286873459803e-06 1.360057183104506 1.3600454058000437 
2.6482377804542794 2.6185291130054336 -0.04639965640897928 -0.006334682611011805 0.00013975290653354527 -1.5577580613374562e-06 2.5877648103715343 2.616182498500137 -8.728609247627854e-05 2.9194387169003094e-06 1.3601902582221004 1.3600454149698378 
2.6402979875191814 2.6185280352261477 0.02765448403699504 -0.00633309478875721 1.5222907377004653e-05 -1.5584593080461063e-06 2.5915162852776947 2.6161820907013875 9.928896652525642e-06 2.919694682109353e-06 1.3600663411924672 1.360045404880277 
2.60923242780546 2.618526899045029 -0.009565006425915595 -0.006334089824036757 6.924023773193433e-07 -1.5595532529115723e-06 2.6211930236534076 2.616182013271245 -6.701960437834531e-07 2.9172203517556267e-06 1.360055482511844 1.360045405465583 
2.6225971351712793 2.6185285183685862 -0.006738772789325331 -0.006334036896628273 2.220799779181483e-05 -1.5588520062029222e-06 2.6112606721558222 2.6161818274389037 -1.8380599498468632e-05 2.9193533951639796e-06 1.3602609358732458 1.3600454061345042 
2.6105602996684913 2.6185266442006663 0.010323531153836704 -0.006333629355582918 8.062112586879739e-06 -1.5596654523849715e-06 2.61997272461149 2.616181935841103 -3.4937909252107167e-06 2.9173909952282862e-06 1.3599992715068963 1.3600454030407438 
2.611401365705484 2.6185276741966335 0.016340583587636348 -0.0063335605499518915 -3.0096900260144472e-05 -1.5594691033065365e-06 2.620313468857501 2.6161816416065626 7.245997314316e-06 2.918841464746001e-06 1.3601072240086494 1.3600454018980035 
2.6638964481172387 2.618529118314691 0.021276985365919904 -0.00633308420327551 4.025007235419732e-06 -1.5573653631806403e-06 2.5700318366227486 2.6161823849359283 8.959193788635699e-06 2.9210811603247932e-06 1.3599702782066994 1.360045409284008 
2.635230662203907 2.6185294687256904 -0.002986150721994027 -0.0063339522127746906 1.417631068930628e-05 -1.5582629589676713e-06 2.6022712184725165 2.6161817758188093 -7.137209551927448e-05 2.920739873379474e-06 1.3606085879628922 1.3600454068591687 
2.63520849074432 2.618527886566936 0.030835061380662276 -0.006333063032312111 1.1592188518130787e-05 -1.5587117568612138e-06 2.596509842905793 2.6161819822991883 6.932802550661528e-06 2.9195666995048583e-06 1.3598555285045006 1.3600454037375367 
2.58884737942021 2.618526293789667 0.043088338646804614 -0.00633309478875721 -1.843589679217933e-05 -1.5605910980403116e-06 2.645061030187395 2.6161812492938417 1.2258009411019073e-05 2.917753612607715e-06 1.360035817289195 1.3600453950415619 
2.643528649509814 2.6185289431091916 0.02168107554423343 -0.006333253570982661 -4.186690551649929e-05 -1.5581507594943263e-06 2.589108383361929 2.6161819616511504 -4.465269790750146e-05 2.9208038646816943e-06 1.3600673276003161 1.3600454059394023 
2.5941679297749967 2.6185262460063488 -0.01946784628679886 -0.006334407388487673 4.355013936501741e-06 -1.5601142502784599e-06 2.6371565276573468 2.6161819513271314 6.39209737706781e-06 2.916004517012846e-06 1.3600344065066206 1.360045404685175 
2.589063301616078 2.6185258743583195 0.0037641739072015873 -0.006333909870847906 1.0895043634831774e-06 -1.5604508486986033e-06 2.642390144536479 2.6161817448467524 -9.767007597994814e-06 2.916153830051396e-06 1.360012806903368 1.360045400783135 
2.5851828820662544 2.6185248390530944 0.07115492828516037 -0.006332470245337063 0.00015950119194307926 -1.5612923447489617e-06 2.6573352253653844 2.616181135729633 -7.276940959524513e-05 2.9167937430739236e-06 1.3601262533938745 1.3600453899689098 
2.6497853547045644 2.6185283803278896 0.010707540673370403 -0.006333375304022185 6.676897888517391e-06 -1.5579544104158912e-06 2.582076936657848 2.616182348801862 1.600399625353811e-05 2.9197800038456827e-06 1.3599215214918032 1.3600454086708302 
2.6352465156469926 2.618528730738889 0.010425861005404699 -0.006333544671729335 -2.4750903902089603e-05 -1.5584032083094338e-06 2.5970855463374676 2.6161819306790934 -3.937490860211253e-05 2.9201852820932763e-06 1.36017186729424 1.3600454060787608 
2.6508038932941473 2.618528258214966 0.008624900076831005 -0.0063334017677264265 9.39680947235227e-06 -1.5579544104158912e-06 2.581410882574182 2.616182415907985 2.89368944038391e-05 2.9195453690707487e-06 1.3600415443133538 1.3600454091167777 
2.6426511248011293 2.6185281361020416 -0.028225204709510773 -0.006334248606262208 4.929391090607632e-06 -1.5581507594943263e-06 2.589400687310946 2.6161825346342034 -5.183907869851583e-06 2.918564169102902e-06 1.3600055620971228 1.3600454126564854 
2.5661275160008645 2.6185251416807755 -0.0185116756033024 -0.0063345979271582226 4.8633897503912735e-06 -1.5612362450122892e-06 2.6675980848441747 2.616181646768572 2.0154898726272585e-05 2.914447395324692e-06 1.3599454627092806 1.3600454005601612 
2.6148388604430353 2.618527095487559 0.01954414201206847 -0.006333412353208126 1.3667009229761354e-05 -1.5594410534381731e-06 2.6158507929327315 2.616181842924932 1.5587916571199864e-06 2.9182228821575287e-06 1.3600575777122406 1.3600454023718227 
2.6584904983545354 2.618529107696176 -0.022030088595339628 -0.006334021018405717 2.4729400457370308e-05 -1.5573653631806403e-06 2.574956403994099 2.616182586254298 -3.539490556725861e-05 2.920078629922837e-06 1.3599021418009338 1.360045413966456 
2.6067018710634975 2.6185259221416377 -0.01043483662794785 -0.006334079238555057 -1.9123988112556932e-05 -1.5598057017266798e-06 2.6250020188312435 2.6161821836175583 -1.7761206353539218e-05 2.9158978648424067e-06 1.3600728722041033 1.360045405465583 
2.6492014425576813 2.6185287201203735 0.03817236684819689 -0.006332851322678162 -1.3179688062697656e-05 -1.558038560020927e-06 2.583947783106942 2.616182013271245 -1.0621099509149827e-05 2.920889186418024e-06 1.3599557826017903 1.360045404685175 
2.5746795273895478 2.6185256566787594 0.0405655007938821 -0.006333211229055877 -9.33208762177824e-06 -1.5611801452755625e-06 2.6603788390730716 2.616181135729633 9.92409730485674e-06 2.9168364039420885e-06 1.3598913658993028 1.3600453934250023 
2.549242253217535 2.618524690393883 -0.011243974970668522 -0.006334576756194837 6.081595532625938e-06 -1.5618813919842127e-06 2.686519461578279 2.6161813731820693 6.766411057012673e-05 2.9140421170770984e-06 1.3599342908063294 1.3600453972155555 
2.6164640932037084 2.618527068941271 0.010957167502756632 -0.006333581720915277 3.6725886895298777e-06 -1.5593288539648281e-06 2.613966251672477 2.6161819616511504 -3.657040972352148e-07 2.9179669169485394e-06 1.360053571292635 1.36004540379328 
2.621003513730142 2.618529628003417 -0.009840673540277234 -0.006334354461079189 6.83070027217269e-05 -1.558823956334613e-06 2.6266844622582064 2.616181337048003 1.9030891502219444e-05 2.92050523860454e-06 1.3615403454 1.360045404016254 
2.632717535754527 2.6185282794519957 0.03379024206254845 -0.006333052446830412 -3.6651705694538354e-05 -1.5587117568612138e-06 2.5994431909289015 2.6161817913048373 -1.8821392918813237e-05 2.9202066125273317e-06 1.3599723809882023 1.3600454027898985 
2.556201635996245 2.6185256460602444 -0.016163312952455988 -0.0063347143674568895 3.100121077002883e-05 -1.5615728434324326e-06 2.6814984885178133 2.6161812802658986 0.0002051087889812231 2.9150019866108897e-06 1.3601288823933477 1.3600453981353222 
2.606658250203352 2.618526633582151 0.05816272088365487 -0.006332660784007613 3.0478894171571762e-05 -1.5600862004101507e-06 2.628343986363062 2.6161813835060883 -1.9421938195109535e-06 2.9186281604051223e-06 1.3599506666092291 1.3600453954317657 
2.61874885255749 2.61852715919865 -0.06990727358852511 -0.006335381252803821 8.896079398118257e-05 -1.559132504886393e-06 2.618374994922162 2.6161825243101844 -1.6089902851760423e-05 2.9160685083150662e-06 1.3597949960041504 1.3600454141336862 
2.593080105374204 2.6185256035861837 -0.01982225879950686 -0.0063343915102651305 -2.0938113347786664e-05 -1.5602825494885316e-06 2.6388237431563333 2.616182075215359 -2.8646596136122952e-05 2.915193960517659e-06 1.3600519125075448 1.360045404685175 
2.6197989334462606 2.6185272176004832 -0.042119861474898844 -0.006334724952938589 2.5373313235104117e-05 -1.5590483552813572e-06 2.6127269874077172 2.6161823694499 -4.6378914181709305e-06 2.9168790648102533e-06 1.3599934700931315 1.360045411039926 
2.6374383789211784 2.6185264849229393 0.00279584579797576 -0.006333581720915277 1.1976107066172356e-05 -1.5587398067295772e-06 2.5980601337279667 2.6161825243101844 7.030159741417167e-05 2.917007047414748e-06 1.3603878770953928 1.3600454078068072 
2.649395931280764 2.618527865329906 -0.003030625623345329 -0.006333624062842075 -5.4191870873510875e-06 -1.558038560020927e-06 2.583197392112334 2.6161825604442503 4.8312500856155115e-05 2.918798803877836e-06 1.3601074523894783 1.3600454105382351 
2.637171949758104 2.6185282475964504 -0.015184224701084839 -0.006334021018405717 1.5208686093753595e-05 -1.558319058704398e-06 2.5941855500576327 2.6161822920197575 -1.9025205216485286e-05 2.9189694473504956e-06 1.360038777404637 1.3600454100922876 
2.5649031720057014 2.618525210701124 0.0047178305387949315 -0.0063340686530733575 -5.150883552074593e-07 -1.5613764943539976e-06 2.668334445497007 2.6161814093161357 1.8802698518389453e-05 2.915215290951714e-06 1.3600076601961777 1.3600453973270423 
2.5973912225161304 2.6185255080195473 -0.009233733776197933 -0.006334110995000156 -1.675481208251119e-05 -1.5601703500151866e-06 2.6347249424420704 2.616182075215359 -3.934459805527926e-05 2.915343273556209e-06 1.36007830690972 1.3600454039605105 
2.6271317614381324 2.618527472444846 -0.02974819618145367 -0.006334386217524274 5.53179006319046e-06 -1.5587959064662497e-06 2.6043012871041316 2.6161823849359283 -3.720490778654829e-06 2.917561638700946e-06 1.360035994497556 1.3600454107054654 
2.6115469455478877 2.618526856570969 -0.026890719495633764 -0.006334439144932771 4.465306018835318e-06 -1.5594410534381731e-06 2.6196592977196667 2.6161821939415772 -8.268040908277169e-07 2.9167510822057587e-06 1.3599133175919893 1.3600454080855242 
2.63793958345373 2.6185286139352226 0.001680760570498277 -0.006333692868473101 -3.101791114270701e-06 -1.5582910088360346e-06 2.5937426444819325 2.616182106187416 -3.299139225468041e-05 2.919843995147957e-06 1.3599624962010282 1.3600454078625506 
2.624248611592091 2.6185280352261477 0.019112836560311125 -0.006333412353208126 -2.7582902759832147e-05 -1.558936155807958e-06 2.6070959112843783 2.6161818067908658 -1.278799431643485e-05 2.9194813777685285e-06 1.3600893490977117 1.3600454034588196 
2.5846836578867736 2.6185263840470454 0.022002281400856943 -0.006333587013656133 -2.3068893546766042e-05 -1.560619147908675e-06 2.6479155181916227 2.6161813525340314 4.09453955322444e-05 2.9172203517556267e-06 1.3600661618937275 1.360045397382786 
2.6142969657605133 2.6185272600745435 -0.02770141919690479 -0.006334465608637013 2.7150496793723112e-05 -1.5592447043597923e-06 2.6172418306003276 2.616182157807511 -4.286075473487641e-07 2.9172203517556267e-06 1.3599027129063006 1.3600454083642415 
2.661918399263669 2.6185293943960843 0.008108773160233021 -0.006333385889503884 -8.85080798071025e-06 -1.5573092634439678e-06 2.5715193264375453 2.6161823694499 -3.548419476433396e-05 2.921166482061123e-06 1.360009140908884 1.3600454107612088 
2.6261562915459082 2.6185284334204653 0.013044232830645514 -0.0063335605499518915 -3.2462906655067214e-05 -1.558823956334613e-06 2.6061889617041425 2.616181786142828 -2.3721398906141502e-05 2.9198226647138476e-06 1.3601847063995394 1.360045404294971 
2.6481736764784523 2.618528290070511 0.05104076645577055 -0.00633258668563573 4.090009345867636e-05 -1.558319058704398e-06 2.5861692435641803 2.616181956489141 2.387080965673326e-05 2.9206758820771997e-06 1.3598968041028197 1.360045402845642 
2.6204038861808696 2.618527302548604 0.009291584299609967 -0.006333597599137833 -1.4431806135761739e-05 -1.5591605547547564e-06 2.610413782555928 2.6161819977852168 -1.1837808799731726e-05 2.9182442125916383e-06 1.3601934832024456 1.3600454045179449 
2.652096113492637 2.618527929040997 0.010819164577868662 -0.006333338254836243 2.4079288658732155e-05 -1.5579824602842546e-06 2.581119745239308 2.616182477852099 6.082209654206035e-05 2.9191614212572647e-06 1.3601283196913032 1.3600454090331626 
2.6191734551219095 2.61852757332074 -0.04696285166994439 -0.006334878442423211 8.15564982839525e-05 -1.5590483552813572e-06 2.614861029234351 2.616182297181767 -1.3343908089530462e-05 2.917135030019297e-06 1.3600271314038217 1.3600454112628997 
2.600958082623485 2.618525635441729 0.0028771528828928916 -0.006333825186994324 6.176207738554484e-06 -1.5601142502784599e-06 2.631193436246034 2.6161820184332547 -3.526099310207964e-05 2.9158552039742418e-06 1.3602109277183674 1.3600454027898985 
2.627558944301728 2.618527525537422 0.03223021728288747 -0.006333073617793811 1.7261010810971282e-05 -1.5589922555446847e-06 2.603921781328909 2.6161818893830175 6.384909020781511e-06 2.919140090823155e-06 1.3600814241937602 1.3600454024554378 
2.624274711902275 2.61852735564118 0.029413050111370964 -0.006333142423424851 1.4202004368710523e-05 -1.5591605547547564e-06 2.6072026771265273 2.6161818893830175 4.570307662826766e-06 2.918841464746001e-06 1.3600021147004957 1.360045402343951 
2.552527171838528 2.6185242975088228 -0.013344647935279313 -0.006334555585231438 -5.002702642160645e-06 -1.5618533421158493e-06 2.682679019438669 2.616181548690392 -4.186540742488504e-05 2.9135728475272304e-06 1.3599427880001955 1.360045398246809 
2.625401824809041 2.61852757332074 -0.02676546678345021 -0.00633434387559749 1.610050360792279e-05 -1.558823956334613e-06 2.6058709457858877 2.616182307505786 -6.609207475340379e-06 2.9177322821736054e-06 1.3598882146953861 1.3600454099250574 
2.5921681129654144 2.6185252850307297 0.015575793120486611 -0.006333613477360375 3.2327492694997774e-05 -1.5605069484352758e-06 2.6409243712955797 2.6161818067908658 -5.959530689632296e-05 2.915727221369747e-06 1.360085813487108 1.3600453997240098 
2.5833635534675583 2.6185253275047904 0.015859050025225224 -0.006333666404768859 1.828581275096537e-05 -1.5607874471187467e-06 2.6490910419632794 2.6161816416065626 -4.831750111789705e-05 2.915769882237912e-06 1.360036184889238 1.360045398441911 
2.627157798037226 2.6185267716228475 0.014122300628627474 -0.0063334229386898255 3.28112126746118e-05 -1.5590483552813572e-06 2.6050201278967764 2.6161822042655962 2.447789514119621e-05 2.9176469604372756e-06 1.3600726446872975 1.3600454048524053 
2.6210892582397998 2.6185266760562116 -0.02463144425875201 -0.006334290948189006 -3.309230362593234e-05 -1.5591044550180297e-06 2.6105015109071013 2.616182405583966 8.67669351962806e-06 2.916623099601264e-06 1.3599409093072774 1.3600454093118797 
2.6434200858111465 2.618528141411299 0.03245425900301127 -0.006332983641199386 1.9042205500763635e-05 -1.5583751584410705e-06 2.5890313145603394 2.616182075215359 1.3753208849000894e-05 2.919993308186507e-06 1.3599995629056716 1.3600454047409185 
2.6465941298791167 2.6185275043003915 0.010138973280443914 -0.006333375304022185 2.771441134693625e-05 -1.5582910088360346e-06 2.5867793414650437 2.61618246752808 6.548200716333981e-05 2.918564169102902e-06 1.360154569717997 1.3600454082527544 
2.6358565387225754 2.618528449348238 0.014705433644369492 -0.0063334229386898255 -2.0159813650810716e-05 -1.5584873579144697e-06 2.5956004981531566 2.6161819926232073 -2.445420596909522e-05 2.9199506473183423e-06 1.3600656243040976 1.3600454058279154 
2.671719288726718 2.6185290227480547 0.05447396632014434 -0.006332385561483481 9.690350690129998e-05 -1.5573653631806403e-06 2.565627491405144 2.616182276533729 7.434759681208131e-05 2.9217637342154857e-06 1.3599725491939993 1.3600454058557871 
2.624967272695947 2.6185278334743605 0.0010321245940132368 -0.006333782845067526 -1.1082869709730164e-06 -1.5588800560712855e-06 2.605633111360942 2.616182023595264 -8.80980436847805e-06 2.9187774734437265e-06 1.3600783690079 1.3600454061902476 
2.6311053372211735 2.6185272335282557 0.04375459945031568 -0.006332808980751378 7.447659931413534e-05 -1.5590483552813572e-06 2.6023624053700436 2.616181904869046 2.9391296641129226e-05 2.9190547690868254e-06 1.3600801618001939 1.3600454012569543 
2.6144957337451924 2.618526633582151 -0.014634388318021746 -0.006334126873222698 -1.196400676861404e-05 -1.5593849537015006e-06 2.616223928788252 2.6161822197516247 -6.655033482849898e-07 2.9167510822057587e-06 1.3598616266962817 1.3600454069706556 
2.578061097062549 2.618525672606532 -0.006195478233951182 -0.006334227435298823 3.998983502149578e-07 -1.5608435468554191e-06 2.653904017013614 2.6161816416065626 1.0866305239212487e-05 2.915577908331143e-06 1.3598613317020551 1.3600454005322895 
2.5848979129757668 2.6185259433786676 -0.004039781935477715 -0.006334132165963541 9.137999881684926e-07 -1.5605630481720025e-06 2.646457983517859 2.6161817035506765 7.98379569884539e-06 2.9160258474469013e-06 1.3600301050927885 1.3600454012569543 
2.6728927408335017 2.6185296704774776 0.04330904594019375 -0.006332623734821671 -9.353994568955869e-06 -1.5570848644971694e-06 2.5631865474666737 2.616182255885691 -9.686506539762028e-06 2.9223609863698484e-06 1.3597900487051415 1.360045407611705 
2.556599379026648 2.6185240851385205 0.028354777164163 -0.0063335393789884925 3.7016505036669995e-05 -1.5619655415892485e-06 2.680533316632612 2.6161812492938417 -0.00013285950343571305 2.9145327170610217e-06 1.3600305723063393 1.3600453927282095 
2.662932414365807 2.618529633312675 0.058803089598934294 -0.0063324120251877225 -8.690290458573103e-05 -1.5574775626540395e-06 2.5736701215659576 2.6161818790589986 -5.819280952486992e-05 2.922680942881112e-06 1.3599613716052186 1.3600454037375367 
2.6333558784099553 2.618527424661528 0.03337119459859661 -0.006332999519421928 4.809398709344862e-05 -1.5588520062029222e-06 2.5990310664157517 2.616182023595264 2.5347195651853063e-05 2.9190547690868254e-06 1.3600728846070163 1.3600454030964872 
2.65618820252302 2.6185288103777524 0.019261604920085273 -0.006333179472610778 4.450329539670351e-05 -1.5577019616007837e-06 2.576665493714016 2.6161823023437765 2.7873102995204903e-05 2.92059056034087e-06 1.3602729507004596 1.3600454084478566 
2.6322527102548032 2.618528847542555 0.022790190560033632 -0.006333338254836243 -6.740430507927239e-05 -1.5585434576511422e-06 2.6013255022010586 2.6161817138746954 -4.402639370192885e-05 2.92059056034087e-06 1.360188811512886 1.36004540379328 
2.551257719063787 2.618526150439713 -0.028056884965041676 -0.006335169543169886 9.26701927207649e-05 -1.561713092774141e-06 2.695302114837654 2.616181073785519 0.00043682939999999993 2.9150446474790546e-06 1.3606687856264 1.3600453978287332 
2.5756700755732536 2.6185259433786676 0.005699919774227277 -0.006334005140183174 -5.299610498595258e-06 -1.5608996465921459e-06 2.6568858001717066 2.616181435126183 5.143329267567393e-05 2.916153830051396e-06 1.360017249794023 1.360045398441911 
2.5815735319706157 2.6185262141508034 0.02394823167223885 -0.006333549964470192 -2.2171704482808706e-05 -1.5607313473820742e-06 2.6513269663710903 2.6161813215619745 4.080610779767633e-05 2.917049708282913e-06 1.3599044623023349 1.3600453967138646 
2.6304415950775586 2.61852739811524 0.014651373589341266 -0.0063334017677264265 1.5272808092790856e-05 -1.558823956334613e-06 2.6005755035191713 2.6161821423214824 1.4034002683281882e-05 2.9185428386687925e-06 1.3600699101097697 1.3600454053540962 
2.6027733602586594 2.6185263150266973 0.0026984064389519308 -0.006333825186994324 1.9281112774014635e-06 -1.5598898513317157e-06 2.6277800471510004 2.6161819203550745 -8.958200198400058e-06 2.9167084213375938e-06 1.3600543790985373 1.3600454030128721 
2.623867736072968 2.61852820512239 0.00988036996257835 -0.006333624062842075 -2.0440508683341747e-05 -1.5588800560712855e-06 2.6077929064528886 2.616181822276894 -1.5894494745117454e-05 2.9194387169003094e-06 1.3601768187043266 1.3600454045458166 
2.589190649468007 2.6185262619341216 -0.007942469084091089 -0.006334200971594581 5.069387983518863e-06 -1.5603386492252583e-06 2.6420770480132623 2.6161817448467524 2.0720795142519432e-05 2.9162818126558907e-06 1.360046007104413 1.3600454022882076 
2.5878587372599693 2.6185264212118486 0.02067068073074245 -0.006333592306396976 -1.779049737142324e-05 -1.5604788985669666e-06 2.644231918548162 2.6161814299641737 2.8716892306697363e-05 2.917284343057847e-06 1.3600498229929778 1.3600453981074505 
2.660589800032351 2.6185292351183573 0.030291359284242772 -0.006332946592013444 -1.7432300552654276e-05 -1.5575056125223486e-06 2.573150056853502 2.6161822094276057 -1.965509293498397e-05 2.9214651081383314e-06 1.3599881263886626 1.3600454074723465 
2.6145331852480487 2.618527026467211 -0.017341852849968073 -0.006334211557076266 2.6123878156840614e-06 -1.5593288539648281e-06 2.6160531953245827 2.616182147483492 -2.3849069789230867e-06 2.9172203517556267e-06 1.3600185570889214 1.3600454072493728 
2.628012269949568 2.618527270693059 -0.011273333804156044 -0.00633396279825639 -8.874510119461995e-06 -1.558823956334613e-06 2.6027247423017243 2.6161823229918144 9.517304596441992e-06 2.9176896213054405e-06 1.360063426591535 1.3600454085036 
2.5911525794156125 2.6185258584305466 -0.01226103334488797 -0.006334248606262208 -5.644287280821814e-06 -1.560310599356895e-06 2.639907465751334 2.6161819203550745 -1.382429079553485e-05 2.9157058909356375e-06 1.36009862499941 1.3600454034588196 
2.620609933157669 2.6185267610043326 -0.046645281926283914 -0.006334788465828772 -3.0286503345224253e-05 -1.5591044550180297e-06 2.6124662078506167 2.616182529472194 5.927392540115131e-06 2.916153830051396e-06 1.3600016656871745 1.360045412015436 
2.581692167330882 2.6185250992067153 0.010693197345670535 -0.006333782845067526 1.552469591053129e-05 -1.5608715967237825e-06 2.6510688452488735 2.6161817035506765 -6.53341961953044e-05 2.915343273556209e-06 1.3599244061027704 1.3600453988878585 
2.6098320022621566 2.618527206981968 0.05319291132513457 -0.006332766638824594 -3.3724996456328045e-05 -1.5598337515950432e-06 2.6242187355122057 2.6161813731820693 1.1629972175954736e-07 2.9192467429935945e-06 1.3599798817961455 1.3600453966023778 
2.601177954906981 2.6185261026563946 -0.011001646830912606 -0.00633414275144524 -9.541311589765554e-06 -1.559917901200079e-06 2.6297179481032864 2.616182054567321 -1.375880636289719e-05 2.9160898387491758e-06 1.3600620022911791 1.360045404685175 
2.612291303458353 2.618527153889392 -0.017645126900596317 -0.006334248606262208 1.2858191276025758e-05 -1.5593849537015006e-06 2.6184977268596437 2.616182075215359 1.7748049630880074e-06 2.917327003926012e-06 1.3599841422943006 1.3600454068591687 
2.598602423444194 2.6185264955414542 -0.007145377019541974 -0.006334100409518456 -1.0124125209689324e-06 -1.5599740009367515e-06 2.632200688832545 2.6161818790589986 1.1559581743479956e-07 2.9166870909034842e-06 1.3599657721029959 1.3600454036260499 
2.6151838135254803 2.618526198223031 -0.002114314571180123 -0.006333825186994324 -4.439994233286374e-06 -1.559525203043209e-06 2.6167083214341718 2.616182235237653 -1.897207934027905e-06 2.9164951169967693e-06 1.360058484100397 1.3600454054098396 
2.62455615564574 2.6185269043542867 0.033050772067618694 -0.006333052446830412 5.861989653908612e-05 -1.5592447043597923e-06 2.607968197970932 2.6161819513271314 1.8272807874876267e-05 2.918329534327968e-06 1.360113488399464 1.3600454018701318 
2.628879473461548 2.6185272494560285 0.0221964508916309 -0.006333253570982661 2.9287307714396735e-05 -1.5589642056763214e-06 2.6025847486045297 2.616182075215359 1.6878096111863812e-05 2.9185428386687925e-06 1.3600870725918122 1.3600454040719974 
2.62420868597521 2.618528141411299 0.01109344499412794 -0.006333592306396976 -2.0390804316633925e-05 -1.558936155807958e-06 2.6072271915095646 2.616181842924932 -1.4955209080231191e-05 2.919417386466254e-06 1.3600425117963086 1.3600454044900732 
2.592241736440054 2.6185254336899417 0.014089358609585406 -0.00633364523380546 2.4414091887301208e-05 -1.5604788985669666e-06 2.6402030114423067 2.616181796466847 -4.8959589844691756e-05 2.9158552039742418e-06 1.3601329448072277 1.3600453999191118 
2.6219732443149395 2.6185281361020416 0.020213546703643656 -0.0063334229386898255 -4.033640652504266e-05 -1.5590483552813572e-06 2.6100042751815864 2.6161817138746954 -1.3307710342890032e-05 2.9195666995048583e-06 1.3601094941876697 1.360045402929257 
2.571147275677624 2.6185255451843505 -0.006599843634788841 -0.006334301533670705 3.5291977625489038e-06 -1.5610959956705267e-06 2.6615641087186335 2.6161815538524014 3.700638959169985e-05 2.9153219431221535e-06 1.3599394602010955 1.3600453996682664 
2.647362124604257 2.618528428111208 0.009483520253745797 -0.006333433524171525 -6.633493937885739e-06 -1.5580666098892904e-06 2.5852729793435754 2.6161822816957385 -1.7816793464761973e-05 2.9198226647138476e-06 1.3598541032983138 1.3600454083921132 
2.6567878300722922 2.618527801618815 0.003232782725996086 -0.006333444109653211 1.0397797074121267e-05 -1.5578141610741829e-06 2.577878540132609 2.61618266368444 9.248840576571226e-05 2.918798803877836e-06 1.3602343018858125 1.360045410733337 
2.6255424245678496 2.618527886566936 0.01929262038145843 -0.0063333805967630274 -1.6321806264865386e-05 -1.558936155807958e-06 2.6054319272033286 2.6161818687349796 -8.70679970228674e-06 2.91926807342765e-06 1.3599767552865678 1.3600454038490237 
2.5935746574070286 2.6185271007968165 0.0375096733520178 -0.006333232400019276 -7.24891010632962e-05 -1.5602825494885316e-06 2.6409642736288874 2.6161811821877183 4.727040249898431e-05 2.918564169102902e-06 1.3601569793949488 1.3600453962400456 
2.650991479982397 2.6185283803278896 0.021072558543381248 -0.006333158301647393 1.7269005023449688e-05 -1.5579824602842546e-06 2.5814674943321885 2.616182286857748 2.2342206758975945e-05 2.920035969054672e-06 1.360024813313324 1.3600454074723465 
2.593255109122027 2.618527313167119 0.020592147042030037 -0.006333624062842075 -5.270049396801591e-05 -1.5601703500151866e-06 2.6410391434144374 2.6161812905899176 7.029180674492715e-05 2.918372195196133e-06 1.3602946124855073 1.3600453983861676 
2.633507372765285 2.618528704192601 -0.009325017677614789 -0.006333983969219775 2.5168296747368594e-05 -1.558431258177743e-06 2.5993150698535192 2.6161820597293306 -4.174190421153904e-05 2.919694682109353e-06 1.360123963704654 1.3600454082806261 
2.5488935889640527 2.6185242550347625 0.03700883187099077 -0.006333412353208126 1.7139498781299574e-05 -1.562217990404356e-06 2.6895044968023463 2.6161809757073393 -5.7302498536640424e-05 2.914959325742725e-06 1.3599051197960808 1.3600453903033705 
2.621913982382011 2.618527716670694 -0.04808401296391614 -0.0063348996133865965 9.049941340952516e-05 -1.5589081059396489e-06 2.612356561607176 2.6161823126677954 -1.944270580281018e-05 2.9173696647941767e-06 1.3599730860868364 1.3600454117088472 
2.593760619462463 2.618525709771335 0.030281546542709356 -0.006333295912909459 4.046170206630829e-05 -1.5604788985669666e-06 2.6391234597509685 2.6161816106345057 -3.275579761022329e-05 2.9166870909034842e-06 1.3600888887963463 1.3600453978008615 
2.5586561986800658 2.6185233896257794 0.007754879336128187 -0.006333989261960632 1.981758801143169e-05 -1.5618533421158493e-06 2.6801546935610108 2.616181615796515 -0.0002554805993464805 2.913082247543307e-06 1.3602516040887598 1.3600453959613283 
2.62479940459029 2.618527483063361 0.046965684152234594 -0.006332787809787979 1.2873394304668882e-05 -1.559216654491429e-06 2.6081378061165337 2.6161816829026385 2.8727037358224463e-06 2.9194813777685285e-06 1.3599696614892718 1.3600453998354967 
2.636221072346916 2.6185276529596035 0.006922860474718767 -0.00633353408624765 7.021799069690691e-06 -1.5585434576511422e-06 2.5948258457139755 2.6161822610477006 1.6946289509630187e-05 2.9187134821415063e-06 1.360023414292613 1.3600454072493728 
2.6490451061594533 2.618528343163087 -0.015988213206959756 -0.0063339310418112915 -4.901302368092559e-06 -1.5578702608108554e-06 2.582953894962984 2.6161825397962124 5.781705675321784e-06 2.9191614212572647e-06 1.3600570611936267 1.360045412099051 
2.635412663553199 2.6185273184763767 0.049219206179813846 -0.006332681954971012 9.811629905894398e-05 -1.5589081059396489e-06 2.5990107435844148 2.6161819306790934 4.2677405449426174e-05 2.9193320647299243e-06 1.3600828966006955 1.3600454011175955 
2.634822943078541 2.6185277219799517 -0.007992400801257349 -0.006333856943439409 -4.0589021773934815e-07 -1.5585154077827788e-06 2.5961355920562244 2.6161823333158334 3.79919114025832e-06 2.918414856064298e-06 1.3600492425087793 1.3600454089495473 
2.613027766502821 2.61852739811524 -0.003736126807508372 -0.00633396279825639 4.226293090665368e-06 -1.5593849537015006e-06 2.6176104651835783 2.616181925517084 2.6089955792427165e-06 2.918052238684869e-06 1.3600295802962756 1.360045405075379 
2.632474276191462 2.6185275786299975 0.03176213786771363 -0.006333052446830412 2.8946894512158644e-05 -1.558823956334613e-06 2.5994102108503108 2.6161819822991883 1.476819622445104e-05 2.919225412559485e-06 1.359962926010738 1.3600454032079743 
2.646845385184073 2.618528831614783 -0.0067167973293216915 -0.0063337934305492255 9.465503599929829e-06 -1.5578983106792187e-06 2.5852710384280093 2.6161823023437765 -3.59827083393097e-05 2.9200146386206167e-06 1.3600582357912923 1.3600454102037745 
2.603935493028317 2.6185267716228475 0.03586969642909696 -0.0063331477161656935 -1.921901452195656e-06 -1.5599740009367515e-06 2.628296950132648 2.6161815332043634 -2.8447058160364783e-06 2.918180221289364e-06 1.3600287164960987 1.3600453983861676 
2.608237350825052 2.6185271485801347 0.004926089305708023 -0.0063337934305492255 -4.313489327049242e-06 -1.5595813027799357e-06 2.6222642541854584 2.6161818171148847 5.998401555180552e-06 2.9178389343440447e-06 1.3600668734864714 1.360045403235846 
2.630384244477353 2.6185281785761023 -0.013361701146293703 -0.006334052774850815 2.0461108091008684e-05 -1.5585995573878146e-06 2.6009849024913136 2.61618216813153 -2.094598947530987e-05 2.9188627951800563e-06 1.3600646924969375 1.3600454087265736 
2.65478178019433 2.6185276635781185 -0.015199954726887052 -0.006333835772476024 -4.546209921711385e-05 -1.5578141610741829e-06 2.579759948053107 2.616182777248649 8.712469747183322e-05 2.9182015517234734e-06 1.3601730701259522 1.3600454128794592 
2.6037573196537287 2.6185255717306384 -0.01217053806185757 -0.006334132165963541 -2.8177602043554195e-05 -1.5599459510683882e-06 2.628927995467996 2.616182214589615 -3.165071048120261e-05 2.9153859344243738e-06 1.3601868933257484 1.3600454052704811 
2.609905174449903 2.618526952137605 -0.0129132048722599 -0.00633415333692694 5.268598148506858e-06 -1.5594971531748998e-06 2.6205477311718846 2.616182033919283 1.911597036868297e-06 2.917177690887462e-06 1.360059781194248 1.360045405967274 
2.578091035965952 2.6185260814193643 -0.002748813636858402 -0.006334174507890339 2.5362043732583654e-06 -1.5607874471187467e-06 2.654448175405334 2.616181517718335 5.731309082221387e-05 2.916153830051396e-06 1.3600774683891883 1.3600453999191118 
2.677304829435779 2.6185300368162494 7.065587692728359e-05 -0.006333449402394067 -3.1049261549711583e-07 -1.556636066603681e-06 2.558404712238549 2.6161826172263547 -4.7684691129928826e-05 2.92191304725409e-06 1.359982058911511 1.3600454138828408 
2.6210608537118327 2.618527143270877 -0.038563758875278305 -0.006334629683603321 2.8459871192634085e-06 -1.5590203054129939e-06 2.6110614547238225 2.6161824107459757 -4.028992846810838e-06 2.9168364039420885e-06 1.3599837263089611 1.360045410956311 
2.5748837293993434 2.6185251894640937 -0.029121710325420276 -0.006334756709383688 -7.741099089235046e-06 -1.5608996465921459e-06 2.6587730101908638 2.6161818893830175 -1.3123308740234363e-05 2.9143194127201973e-06 1.3599977011866278 1.3600454033473328 
2.5826839154067973 2.618525635441729 -0.03702915512991344 -0.006334904906127453 9.223096637690081e-06 -1.5605630481720025e-06 2.6511062801416485 2.616181977137179 9.690593042939867e-06 2.914746021401846e-06 1.3598884104941806 1.3600454053262245 
2.5918290425403505 2.6185264743044243 -0.017695460866067075 -0.006334417973969372 1.8282110168343793e-05 -1.560226449751859e-06 2.639978009772937 2.6161818274389037 2.9300898261481534e-05 2.9163244735240556e-06 1.3600560560002422 1.3600454039047671 
2.5980901968929393 2.6185268884265143 -0.01055135102499026 -0.006334227435298823 1.4078304449307937e-05 -1.559917901200079e-06 2.6333621409663497 2.616181786142828 2.701790190147755e-05 2.917049708282913e-06 1.3600434288872036 1.3600454037375367 
2.62399159043342 2.6185265061599696 -0.007814210095105509 -0.006333899285366207 -1.8367511213153605e-05 -1.5591605547547564e-06 2.608119424200763 2.6161823746119093 1.8000802179437842e-05 2.9167510822057587e-06 1.3601896444869463 1.3600454074723465 
2.5770492640652694 2.6185256195139566 -0.020174675948914908 -0.006334566170713138 8.947590830802937e-06 -1.56081549698711e-06 2.6555639540792284 2.616181760332781 2.3222705747526868e-05 2.9150873083472195e-06 1.36001649399674 1.360045402343951 
2.6338722992746857 2.6185286935740857 0.02471287394264482 -0.0063332641564643605 -5.6381394041359425e-05 -1.5585434576511422e-06 2.5988501689554093 2.616181786142828 -3.8066499775403744e-05 2.920462577736375e-06 1.3601705582155519 1.3600454039326388 
2.622511751691136 2.6185281254835266 -0.028887638861388266 -0.006334492072341255 7.470380324773191e-05 -1.558823956334613e-06 2.6109073532547096 2.616182106187416 -1.9697391185772412e-05 2.918329534327968e-06 1.3600999889017606 1.3600454092561363 
2.6085745364636805 2.618527143270877 -0.007475771074278756 -0.0063340686530733575 7.068586250090622e-06 -1.5595532529115723e-06 2.6220567207561807 2.6161819203550745 6.538509476619961e-06 2.917561638700946e-06 1.3600667638948898 1.3600454049360204 
2.6279249008070957 2.6185268884265143 0.013138316591971302 -0.006333438816912368 2.7518286667466163e-05 -1.5590483552813572e-06 2.6039361575253204 2.6161822042655962 2.352060658994317e-05 2.91779627347588e-06 1.3600070622085423 1.3600454051589943 
2.599692504279451 2.6185259327601527 0.044320351105110706 -0.006332967762976843 6.34977966941953e-05 -1.5603386492252583e-06 2.6344895238375625 2.6161815435283824 -2.0762697055226598e-05 2.9173696647941767e-06 1.3600009300132694 1.3600453965466344 
2.620137717171416 2.618528375018632 0.009320779058131182 -0.0063337034539548 -2.8304205124330518e-05 -1.5589922555446847e-06 2.6130735647244445 2.6161816932266575 -1.0819109928751017e-05 2.919609360373023e-06 1.3603250908742697 1.3600454037375367 
2.631859772102495 2.618527631722573 0.01349082371797379 -0.006333433524171525 8.203708322286596e-06 -1.5587678565978863e-06 2.5989376701781652 2.616182126835454 8.912608120596386e-06 2.9188201343118914e-06 1.3600480031093776 1.3600454056885567 
2.6174555386519427 2.618526283171152 -0.03570391633429905 -0.006334544999749739 -6.235919965895712e-05 -1.5592727542281014e-06 2.6153999894825217 2.6161824933381275 7.267903670120216e-06 2.9157485518038024e-06 1.3599287159059887 1.3600454102873896 
2.62531831018756 2.61852698399315 -0.005858150688702657 -0.006333856943439409 -7.436000671243647e-06 -1.5589922555446847e-06 2.6055835509078897 2.6161822920197575 1.2048693861353374e-05 2.917476316964616e-06 1.359980594197169 1.3600454074444748 
2.620607910330537 2.618526511469227 -0.0503413748749811 -0.0063348519787189556 -6.152039639596046e-05 -1.559132504886393e-06 2.613304120716019 2.6161826017403262 1.162679920560717e-05 2.9157485518038024e-06 1.359869725700898 1.3600454125449986 
2.618496976069399 2.6185263468822426 -0.045572644480412684 -0.0063347620021245304 -6.759919556453527e-05 -1.5592447043597923e-06 2.615116058312887 2.61618256560626 1.0108498907512409e-05 2.9156205691993078e-06 1.3600086517045504 1.3600454116809755 
2.6280399524185065 2.618527514918907 0.02512225686180701 -0.00633321652179672 1.376911075053809e-05 -1.5589642056763214e-06 2.6030189200601836 2.6161819719751693 6.650600907731044e-06 2.918948116916386e-06 1.3600180480956707 1.360045403514563 
2.5826344915281343 2.6185246691568524 -0.037267963597005 -0.0063348519787189556 -6.572829739577473e-05 -1.5607313473820742e-06 2.652796920839671 2.616182178455549 -7.480138940694928e-05 2.9134661953568453e-06 1.3600875658096725 1.360045405660685 
2.6523857547297807 2.6185279768243146 -0.031071360222655393 -0.0063341850933720245 -4.6661104864466183e-05 -1.5578141610741829e-06 2.5810874362219507 2.6161827978966867 4.4287191979306914e-05 2.9183082038939127e-06 1.359948933991967 1.3600454146632488 
2.5729130843054464 2.618523862149703 -0.029163067802411707 -0.006334735538420289 -7.404920669079124e-05 -1.5612081951439259e-06 2.664860082745953 2.616182095863397 -0.00016387570368935466 2.912655638861658e-06 1.3603026612234865 1.3600454032637177 
2.5564295119855185 2.618525136371518 -0.012640162957359216 -0.006334560877972281 1.0591200916361789e-05 -1.5616289431691051e-06 2.6787348415564773 2.6161814041541263 8.96857147096872e-05 2.9145327170610217e-06 1.3599847662862456 1.3600453982746807 
2.612654785849696 2.6185265911080906 -0.01088690020931364 -0.006334058067591658 -7.802500251042851e-06 -1.5594410534381731e-06 2.617961218565978 2.61618216813153 -2.2104026976823773e-06 2.9167937430739236e-06 1.360007910595661 1.360045406245991 
2.578553971369983 2.618525624823214 0.06535365031027893 -0.006332650198525913 5.931107988953589e-06 -1.5612362450122892e-06 2.6607851924596186 2.616180929249254 -5.044193526601809e-06 2.9175403082668905e-06 1.3599387539039776 1.3600453901082683 
2.6446829139597616 2.6185290652221154 -0.005431164113477827 -0.0063338146015126245 1.3112210883760452e-05 -1.5579824602842546e-06 2.5881902941652277 2.61618216813153 -5.649580285001994e-05 2.9203345951318805e-06 1.3600434402867347 1.3600454095348533 
2.580147199926061 2.618525980543471 -0.008185040689926051 -0.006334264484484764 6.254298572027695e-06 -1.5607032975137108e-06 2.6519397278688475 2.6161816416065626 3.740130124832989e-05 2.9158552039742418e-06 1.3600259978890632 1.3600454010339804 
2.619588070972851 2.618526633582151 0.004798026148133835 -0.006333666404768859 8.348305393606436e-06 -1.5593288539648281e-06 2.6115600222477844 2.6161821629695203 6.55120108489991e-06 2.9172203517556267e-06 1.360138885802539 1.3600454051311226 
2.586297889865774 2.6185259433786676 -0.00646572558168379 -0.006334174507890339 7.24210928022839e-07 -1.5605069484352758e-06 2.6449674739275144 2.6161817551707713 4.652195199274993e-06 2.9159405257105715e-06 1.359895823506223 1.3600454018143884 
2.636525770638511 2.618528985583252 0.03030058982428284 -0.0063331477161656935 -8.520369966111185e-05 -1.5584032083094338e-06 2.5973444985432113 2.6161817035506765 -5.3285103250837326e-05 2.920974508154354e-06 1.3601517168807844 1.360045403514563 
2.658889563390072 2.6185283059982836 -0.03173630313369515 -0.00633415333692694 -4.310850488893389e-05 -1.5574775626540395e-06 2.5751625307757924 2.616182854678791 4.470309278307554e-05 2.918756143009671e-06 1.3598277297023733 1.3600454156945023 
2.5936072721762438 2.618525438999199 -0.006226012055907101 -0.006334073945814214 -1.014040067788362e-05 -1.560310599356895e-06 2.638410596565306 2.6161820029472262 -4.448209709569811e-05 2.915343273556209e-06 1.3601572300174058 1.3600454030128721 
2.5864683011058043 2.618526086728622 -0.0037639877953357104 -0.006334121580481841 1.7662915869176392e-06 -1.5604508486986033e-06 2.644690057213848 2.6161817035506765 1.6499694211214778e-05 2.916196490919561e-06 1.3600785891108296 1.3600454013963128 
2.6398943989962005 2.6185289271814187 0.010329215557508153 -0.006333528793506793 -2.525009338409602e-05 -1.5582068592309988e-06 2.5927213873636923 2.6161819822991883 -4.8404507958525414e-05 2.92050523860454e-06 1.36009554559303 1.3600454067755536 
2.641019250159244 2.618527557392967 0.01970112470563974 -0.006333237692760119 3.798590848668219e-05 -1.5584873579144697e-06 2.5913667986450597 2.61618226620971 4.106360879793761e-05 2.918905456048221e-06 1.3600855422953257 1.3600454061902476 
2.613869273208192 2.6185266919839845 0.021105405293088034 -0.0063333805967630274 2.2347686136174225e-05 -1.5595813027799357e-06 2.617238361729955 2.6161818997070365 -7.65201797193278e-07 2.9177322821736054e-06 1.3600456774099017 1.3600454020373622 
2.6187347140045976 2.618527026467211 0.027439185924753223 -0.00633321652179672 2.1035513294982938e-05 -1.5593849537015006e-06 2.6125695151464114 2.6161818584109606 3.5442924529552095e-06 2.918372195196133e-06 1.3600020451884396 1.36004540184226 
2.662024956062977 2.618528778522207 -0.01811693769806845 -0.006333867528921108 -9.586387728196405e-06 -1.5573653631806403e-06 2.5715230430843734 2.6161827204665444 1.6883407389950747e-05 2.919737342977518e-06 1.359864766904807 1.3600454143009166 
