2.5520933869131515 2.6184348843021885 0.06566011059089805 -0.0036856393525529912 2.165230185002684e-05 1.131523066264374e-06 2.692040272017039 2.618354589498674 -3.595369894895554e-05 7.996423315823065e-06 1.3597379180007467 1.3600591409809653 
2.659598497934071 2.618437353106956 0.03903567639350358 -0.0036854964485500824 3.603930372325778e-05 1.1345244021773553e-06 2.5746849287533484 2.6183571292073395 3.143270450469852e-05 7.999665541803813e-06 1.359984862304302 1.3600591590975797 
2.6518559863915345 2.618436461151685 -0.01382506472937138 -0.0036859939661898627 -3.3371694339585315e-05 1.1345805019140278e-06 2.581674516722527 2.6183575318440795 6.681550058053136e-05 7.996849924504768e-06 1.3601385944873787 1.3600591652851002 
2.6147994551333955 2.618436408059109 0.003792373630443255 -0.00368609982100683 -5.063087464153679e-07 1.13362680639027e-06 2.6151388537467666 2.6183565304142395 1.6079100711947686e-05 7.996977907109262e-06 1.3602107855726233 1.3600591584007868 
2.623588437269559 2.618436652284957 -0.014844541886158663 -0.00368629035967738 4.5777859908998275e-06 1.1339914546787768e-06 2.6069981325007405 2.6183568401348087 -4.027307742518189e-06 7.996785933202493e-06 1.3598791092989013 1.3600591621077247 
2.5847375468510476 2.6184351019817487 -0.010371440178062602 -0.0036863221161224785 -1.1317008505362268e-05 1.1328694599449475e-06 2.647337022112817 2.6183561793975945 -4.4199298200613265e-05 7.994418255019152e-06 1.360070627694932 1.3600591566448688 
2.569830622275825 2.6184350329614 0.02864269168084843 -0.0036859727952264637 2.0977309818166496e-05 1.1322523628413874e-06 2.6646265844089734 2.6183554722022953 -4.9553002520906936e-05 7.995506107157438e-06 1.359831720304781 1.3600591491195058 
2.589281182927987 2.6184355851241867 0.04887319853957353 -0.003685665816257233 3.833740138691665e-05 1.1325609113931674e-06 2.645787841122682 2.6183556115765514 -2.147349111020566e-05 7.996977907109262e-06 1.3599274501120733 1.3600591484505846 
2.625397672969626 2.618435962081474 -0.009810393769882048 -0.00368609982100683 -1.678389979598523e-05 1.1338512053370685e-06 2.6059622101135576 2.618356964023036 1.591861052590009e-05 7.995975376707306e-06 1.3600487218930235 1.3600591614945472 
2.6247033176468975 2.6184361744517766 -0.014551186431880803 -0.003686195090342112 -1.5067893000227214e-05 1.133907305073741e-06 2.6062721578109893 2.618356953699017 8.571598470896453e-06 7.99612468974591e-06 1.3598416487948033 1.3600591621077247 
2.622269989338704 2.618436546099806 0.013993348290590707 -0.0036859516242630647 1.6781373952625593e-07 1.133710955995306e-06 2.608205098072162 2.6183565923583534 1.6572102799832737e-06 7.997447176659076e-06 1.3600106081038086 1.3600591578712242 
2.5746603556604843 2.6184356010519596 -0.016196694268988496 -0.003686570874942355 9.314202610075486e-06 1.1327853103399116e-06 2.65812433143112 2.618355895487073 3.406360024461148e-05 7.994759541964525e-06 1.3599575738890115 1.360059156226793 
2.6118302528407575 2.618437411508789 -0.0042956594918062 -0.003686433263680289 1.2973195736241342e-05 1.1337390058636693e-06 2.6218234908436937 2.618356272313765 1.6141598883813587e-05 7.99787378534078e-06 1.3601626806098999 1.3600591587909907 
2.6361479532517453 2.61843708233482 0.004290230005631654 -0.003686036308116647 -1.0252874105393626e-06 1.1341878037572119e-06 2.5950622915583708 2.6183569124029415 -5.7386911299407446e-06 7.998044428813439e-06 1.360061304690036 1.3600591610485997 
2.555326678313593 2.618435367444627 -0.008294441643267855 -0.0036866026313874534 6.810387211972498e-06 1.1322804127096965e-06 2.67973918276964 2.6183554205822004 8.943128529193402e-05 7.994460915887317e-06 1.3598340909055886 1.3600591528543156 
2.6265600499651316 2.6184362700184125 -0.018686383685975833 -0.0036862480177505957 -1.5261493191546198e-05 1.1339914546787768e-06 2.604443903102144 2.6183570001571024 9.294209586358057e-06 7.99621001148224e-06 1.360025661087265 1.3600591629996197 
2.6235195655804397 2.618436508935003 0.013365174050226594 -0.003685941038781365 3.315205316942909e-06 1.1337390058636693e-06 2.6074899894123735 2.61835662849242 1.0704100383341123e-06 7.997404515790911e-06 1.3599262407026362 1.3600591581499413 
2.6199678634034305 2.6184370876440775 -0.00265197235755045 -0.003686263895973138 4.278802444207682e-06 1.133907305073741e-06 2.611156012413543 2.6183565510622775 -7.0970984941423295e-06 7.997660480999955e-06 1.3600135523045014 1.3600591598779876 
2.5854135639981504 2.6184341250783567 -0.009969414168680052 -0.0036862056758237977 -3.164369622510969e-05 1.1327011607348758e-06 2.651192640560309 2.6183562877997937 -0.0001365552037798792 7.993053107237821e-06 1.3604540302753747 1.3600591561431778 
2.60785174475744 2.6184364930072306 -0.02512238831439205 -0.0036865285330155706 2.7175012378656853e-05 1.1336829061269968e-06 2.6237108247510785 2.6183565510622775 7.381594883787619e-06 7.996082028877746e-06 1.3600139607923496 1.3600591614945472 
2.572770058215931 2.618434645385598 -0.03085742234481169 -0.0036866290950916952 -3.37145058055669e-05 1.1326731108665666e-06 2.6619918534724802 2.618356117453481 -6.726890922758579e-05 7.993010446369657e-06 1.3599265748008782 1.3600591580384545 
2.607098249614707 2.6184371460459106 0.02871016354118716 -0.003686015137153248 -6.556399529194235e-05 1.1333743575751625e-06 2.6262120248262506 2.6183559212971206 1.85203049015522e-05 7.998535028797362e-06 1.3599956134001072 1.3600591537740823 
2.5943495913318046 2.6184340082746904 0.007382302136827584 -0.0036859304532996656 3.146821302810909e-05 1.1326731108665666e-06 2.6444881090788317 2.61835632393386 -0.000127962099761343 7.99347971591947e-06 1.3607784953840107 1.360059154359388 
2.6005688981162747 2.618435303733536 0.013897464997376374 -0.003685941038781365 2.6536008327883486e-05 1.1330658090233825e-06 2.6315763231374687 2.618356282637784 -3.22586065221608e-05 7.995570098459713e-06 1.3601805797134856 1.3600591549725658 
2.6196748667155063 2.618436376203564 -0.005737698492468843 -0.0036861633338970134 -2.185401915431038e-06 1.1337951056003418e-06 2.6105966725519307 2.6183567265706 6.173942792594262e-07 7.996615289729834e-06 1.3600536054076136 1.3600591603239351 
2.5597881722121314 2.6184342737375688 -0.015178355051483669 -0.003686475605607087 -1.990770143412351e-05 1.1322804127096965e-06 2.6757367774204734 2.618355776760855 -0.0001239942017478317 7.992925124633273e-06 1.3600457555064458 1.3600591542479012 
2.577964919861778 2.618435866514838 0.022136992240937056 -0.0036861104064885297 -1.4182190357357272e-05 1.13261701112984e-06 2.6549144184259097 2.6183555806044945 3.243310186323519e-05 7.9963806549549e-06 1.3599719505095713 1.3600591512377562 
2.6065682211228403 2.6184358452778076 -0.024560500360416557 -0.003686422678198603 -1.3851790958118446e-05 1.1335426567852342e-06 2.624549589348046 2.6183566543024672 -4.858192141389875e-06 7.995186150646174e-06 1.3600519950078196 1.3600591613830602 
2.644365866335073 2.6184370398607593 0.02756687859046801 -0.003685692279961489 1.596549959157704e-05 1.1341878037572119e-06 2.5876543278825577 2.6183569227269605 1.4116103524070987e-05 7.998769663572296e-06 1.3599143431038538 1.3600591587909907 
2.620138805569217 2.6184362275443522 0.02115798338067862 -0.0036858351839643977 2.10508004732311e-05 1.1335707066535976e-06 2.6109151324030013 2.6183565407382585 5.219307450264675e-06 7.997276533186417e-06 1.3600618758093386 1.3600591565891254 
2.6180897613235015 2.6184368752737748 -0.004145530897633948 -0.0036862533104914386 4.802689835292119e-06 1.1338512053370685e-06 2.612616659779025 2.6183565717103154 -3.302008992362034e-06 7.997361854922746e-06 1.360057183104506 1.360059159850116 
2.6482377804542794 2.6184378893419695 -0.04639965640897928 -0.0036866926079818785 0.00013975290653354527 1.1348890504658078e-06 2.5877648103715343 2.618357335687719 -8.728609247627854e-05 7.99787378534078e-06 1.3601902582221004 1.3600591689084232 
2.6402979875191814 2.6184369442941233 0.02765448403699504 -0.003685708158184031 1.5222907377004653e-05 1.1340756042838127e-06 2.5915162852776947 2.6183568452968182 9.928896652525642e-06 7.998599020099637e-06 1.3600663411924672 1.360059158261428 
2.60923242780546 2.6184363018739583 -0.009565006425915595 -0.00368629035967738 6.924023773193433e-07 1.1335707066535976e-06 2.6211930236534076 2.6183565200902206 -6.701960437834531e-07 7.99629533321857e-06 1.360055482511844 1.3600591595992706 
2.6225971351712793 2.6184376822809248 -0.006738772789325331 -0.003686422678198603 2.220799779181483e-05 1.1340475544154493e-06 2.6112606721558222 2.6183564684701257 -1.8380599498468632e-05 7.998343054890593e-06 1.3602609358732458 1.3600591604632937 
2.6105602996684913 2.6184360311018224 0.010323531153836704 -0.003686015137153248 8.062112586879739e-06 1.1334304573118893e-06 2.61997272461149 2.618356437498069 -3.4937909252107167e-06 7.99655129842756e-06 1.3599992715068963 1.3600591568678424 
2.611401365705484 2.6184370292422443 0.016340583587636348 -0.0036861104064885297 -3.0096900260144472e-05 1.1335426567852342e-06 2.620313468857501 2.6183561897216134 7.245997314316e-06 7.998087089681604e-06 1.3601072240086494 1.3600591561710496 
2.6638964481172387 2.6184376185698337 0.021276985365919904 -0.0036856975727023317 4.025007235419732e-06 1.134804900860772e-06 2.5700318366227486 2.618357346011738 8.959193788635699e-06 7.999580220067483e-06 1.3599702782066994 1.36005916219134 
2.635230662203907 2.6184384361954987 -0.002986150721994027 -0.0036864385564211455 1.417631068930628e-05 1.134412202703956e-06 2.6022712184725165 2.618356545900268 -7.137209551927448e-05 7.999537559199319e-06 1.3606085879628922 1.3600591611600865 
2.63520849074432 2.6184368805830327 0.030835061380662276 -0.0036856975727023317 1.1592188518130787e-05 1.1339634048104135e-06 2.596509842905793 2.6183567007605526 6.932802550661528e-06 7.998577689665527e-06 1.3598555285045006 1.3600591571465597 
2.58884737942021 2.6184360576481103 0.043088338646804614 -0.0036858140130009986 -1.843589679217933e-05 1.1327011607348758e-06 2.645061030187395 2.618355575442485 1.2258009411019073e-05 7.997404515790911e-06 1.360035817289195 1.360059149398223 
2.643528649509814 2.618437788466076 0.02168107554423343 -0.003685893404113738 -4.186690551649929e-05 1.1343561029672836e-06 2.589108383361929 2.618356788514714 -4.465269790750146e-05 7.999558889633428e-06 1.3600673276003161 1.360059159571399 
2.5941679297749967 2.618435893061126 -0.01946784628679886 -0.0036864808983479297 4.355013936501741e-06 1.1332341082334542e-06 2.6371565276573468 2.618356313609841 6.39209737706781e-06 7.995271472382558e-06 1.3600344065066206 1.3600591590975797 
2.589063301616078 2.618435595742702 0.0037641739072015873 -0.0036861845048604125 1.0895043634831774e-06 1.1329536095499833e-06 2.642390144536479 2.6183560606713767 -9.767007597994814e-06 7.995570098459713e-06 1.360012806903368 1.3600591551955397 
2.5851828820662544 2.618434804663325 0.07115492828516037 -0.0036853535445471736 0.00015950119194307926 1.1320560137629524e-06 2.6573352253653844 2.6183553328280396 -7.276940959524513e-05 7.996636620163889e-06 1.3601262533938745 1.36005914382388 
2.6497853547045644 2.618437108881108 0.010707540673370403 -0.0036858351839643977 6.676897888517391e-06 1.1344683024406286e-06 2.582076936657848 2.6183571808274344 1.600399625353811e-05 7.998428376626977e-06 1.3599215214918032 1.3600591618290077 
2.6352465156469926 2.6184376875901823 0.010425861005404699 -0.003686083942784288 -2.4750903902089603e-05 1.1342439034938844e-06 2.5970855463374676 2.618356685274524 -3.937490860211253e-05 7.999025628781286e-06 1.36017186729424 1.3600591599616028 
2.6508038932941473 2.618436970840411 0.008624900076831005 -0.0036858351839643977 9.39680947235227e-06 1.1344683024406286e-06 2.581410882574182 2.618357253095567 2.89368944038391e-05 7.998172411417934e-06 1.3600415443133538 1.3600591621634683 
2.6426511248011293 2.618437008005214 -0.028225204709510773 -0.003686337994345021 4.929391090607632e-06 1.1345805019140278e-06 2.589400687310946 2.618357315039681 -5.183907869851583e-06 7.997148550581922e-06 1.3600055620971228 1.3600591662606103 
2.5661275160008645 2.6184352294039304 -0.0185116756033024 -0.0036866185096099957 4.8633897503912735e-06 1.132532861524804e-06 2.6675980848441747 2.6183557715988455 2.0154898726272585e-05 7.994098298507943e-06 1.3599454627092806 1.3600591555857435 
2.6148388604430353 2.618436413368367 0.01954414201206847 -0.00368591986781798 1.3667009229761354e-05 1.133514606916925e-06 2.6158507929327315 2.6183563910399834 1.5587916571199864e-06 7.997404515790911e-06 1.3600575777122406 1.3600591561989213 
2.6584904983545354 2.61843771413647 -0.022030088595339628 -0.003686242725009739 2.4729400457370308e-05 1.1349732000708436e-06 2.574956403994099 2.6183575215200605 -3.539490556725861e-05 7.998513698363307e-06 1.3599021418009338 1.3600591673476072 
2.6067018710634975 2.6184353993001723 -0.01043483662794785 -0.0036861845048604125 -1.9123988112556932e-05 1.1333743575751625e-06 2.6250020188312435 2.6183566130063913 -1.7761206353539218e-05 7.99497284630535e-06 1.3600728722041033 1.3600591592369382 
2.6492014425576813 2.618437480529137 0.03817236684819689 -0.0036856128888487494 -1.3179688062697656e-05 1.1343561029672836e-06 2.583947783106942 2.6183568504588277 -1.0621099509149827e-05 7.999665541803813e-06 1.3599557826017903 1.3600591580941979 
2.5746795273895478 2.6184356594537928 0.0405655007938821 -0.003685877525891182 -9.33208762177824e-06 1.1323926121830957e-06 2.6603788390730716 2.6183553328280396 9.92409730485674e-06 7.996700611466164e-06 1.3598913658993028 1.360059147921022 
2.549242253217535 2.6184350701262034 -0.011243974970668522 -0.0036866396805733948 6.081595532625938e-06 1.1321401633679882e-06 2.686519461578279 2.6183553638000965 6.766411057012673e-05 7.993884994167064e-06 1.3599342908063294 1.3600591526034702 
2.6164640932037084 2.6184363443480185 0.010957167502756632 -0.0036859939661898627 3.6725886895298777e-06 1.133598756521961e-06 2.613966251672477 2.61835652525223 -3.657040972352148e-07 7.997063228845592e-06 1.360053571292635 1.360059157592507 
2.621003513730142 2.618438860936104 -0.009840673540277234 -0.003686846097466487 6.83070027217269e-05 1.1341317040204852e-06 2.6266844622582064 2.6183559832412344 1.9030891502219444e-05 7.999452237462989e-06 1.3615403454 1.3600591590975797 
2.632717535754527 2.61843730001438 0.03379024206254845 -0.0036857663783333577 -3.6651705694538354e-05 1.1339634048104135e-06 2.5994431909289015 2.6183565200902206 -1.8821392918813237e-05 7.999196272254e-06 1.3599723809882023 1.3600591564218951 
2.556201635996245 2.6184358983703833 -0.016163312952455988 -0.0036868302192439445 3.100121077002883e-05 1.132420662051459e-06 2.6814984885178133 2.6183553638000965 0.0002051087889812231 7.99478087239858e-06 1.3601288823933477 1.3600591537462103 
2.606658250203352 2.6184361479054887 0.05816272088365487 -0.0036855176195134814 3.0478894171571762e-05 1.1329536095499833e-06 2.628343986363062 2.61835582838095 -1.9421938195109535e-06 7.998193741852043e-06 1.3599506666092291 1.3600591493703513 
2.61874885255749 2.6184364930072306 -0.06990727358852511 -0.0036870366361370366 8.896079398118257e-05 1.1341317040204852e-06 2.618374994922162 2.6183570311291593 -1.6089902851760423e-05 7.994844863700855e-06 1.3597949960041504 1.3600591685739625 
2.593080105374204 2.6184352984242785 -0.01982225879950686 -0.0036863962144943474 -2.0938113347786664e-05 1.1331499586284184e-06 2.6388237431563333 2.618356396201993 -2.8646596136122952e-05 7.994460915887317e-06 1.3600519125075448 1.3600591590139646 
2.6197989334462606 2.618436482388715 -0.042119861474898844 -0.0036866396805733948 2.5373313235104117e-05 1.1340475544154493e-06 2.6127269874077172 2.618356943374998 -4.6378914181709305e-06 7.995719411498317e-06 1.3599934700931315 1.3600591652293568 
2.6374383789211784 2.618435489557551 0.00279584579797576 -0.0036858193057418553 1.1976107066172356e-05 1.133907305073741e-06 2.5980601337279667 2.6183571808274344 7.030159741417167e-05 7.995740741932372e-06 1.3603878770953928 1.3600591607698824 
2.649395931280764 2.6184366363571847 -0.003030625623345329 -0.003685925160558823 -5.4191870873510875e-06 1.1344683024406286e-06 2.583197392112334 2.618357356335757 4.8312500856155115e-05 7.997383185356856e-06 1.3601074523894783 1.3600591635849257 
2.637171949758104 2.6184371991384863 -0.015184224701084839 -0.0036862586032322953 1.5208686093753595e-05 1.134412202703956e-06 2.5941855500576327 2.6183570517771972 -1.9025205216485286e-05 7.99768181143401e-06 1.360038777404637 1.3600591637800277 
2.5649031720057014 2.6184353249705663 0.0047178305387949315 -0.003686337994345021 -5.150883552074593e-07 1.1323926121830957e-06 2.668334445497007 2.618355544470428 1.8802698518389453e-05 7.99497284630535e-06 1.3600076601961777 1.3600591521575227 
2.5973912225161304 2.618435133837294 -0.009233733776197933 -0.0036862109685646544 -1.675481208251119e-05 1.133121908760055e-06 2.6347249424420704 2.6183564323360593 -3.934459805527926e-05 7.994588898491866e-06 1.36007830690972 1.3600591579269676 
2.6271317614381324 2.6184365991923815 -0.02974819618145367 -0.003686427970939446 5.53179006319046e-06 1.1341317040204852e-06 2.6043012871041316 2.61835702596715 -3.720490778654829e-06 7.996316663652625e-06 1.360035994497556 1.360059164532564 
2.6115469455478877 2.618436238162867 -0.026890719495633764 -0.0036864808983479297 4.465306018835318e-06 1.1337390058636693e-06 2.6196592977196667 2.6183567110845716 -8.268040908277169e-07 7.995740741932372e-06 1.3599133175919893 1.3600591621634683 
2.63793958345373 2.6184375283124552 0.001680760570498277 -0.0036861209919702292 -3.101791114270701e-06 1.1343561029672836e-06 2.5937426444819325 2.6183568711068657 -3.299139225468041e-05 7.998641680967802e-06 1.3599624962010282 1.360059161606034 
2.624248611592091 2.6184371725921984 0.019112836560311125 -0.0036859833807081632 -2.7582902759832147e-05 1.1338512053370685e-06 2.6070959112843783 2.6183564581461067 -1.278799431643485e-05 7.998556359231472e-06 1.3600893490977117 1.3600591574252767 
2.5846836578867736 2.6184361850702915 0.022002281400856943 -0.0036861104064885297 -2.3068893546766042e-05 1.132813360208275e-06 2.6479155181916227 2.6183556683586557 4.09453955322444e-05 7.996849924504768e-06 1.3600661618937275 1.360059152046036 
2.6142969657605133 2.6184365779553516 -0.02770141919690479 -0.0036865232402747278 2.7150496793723112e-05 1.1338512053370685e-06 2.6172418306003276 2.618356695598543 -4.286075473487641e-07 7.99621001148224e-06 1.3599027129063006 1.3600591626372873 
2.661918399263669 2.6184379158882574 0.008108773160233021 -0.003685898696854581 -8.85080798071025e-06 1.1349451502025345e-06 2.5715193264375453 2.618357346011738 -3.548419476433396e-05 7.999601550501593e-06 1.360009140908884 1.3600591637800277 
2.6261562915459082 2.6184375495494856 0.013044232830645514 -0.0036861104064885297 -3.2462906655067214e-05 1.1339634048104135e-06 2.6061889617041425 2.6183564633081162 -2.3721398906141502e-05 7.998812324440461e-06 1.3601847063995394 1.3600591583729151 
2.6481736764784523 2.618437108881108 0.05104076645577055 -0.003685432935659899 4.090009345867636e-05 1.134103654152176e-06 2.5861692435641803 2.618356778190695 2.387080965673326e-05 7.999558889633428e-06 1.3598968041028197 1.3600591558644608 
2.6204038861808696 2.618436524862776 0.009291584299609967 -0.003686015137153248 -1.4431806135761739e-05 1.133710955995306e-06 2.610413782555928 2.6183565923583534 -1.1837808799731726e-05 7.997276533186417e-06 1.3601934832024456 1.3600591583450434 
2.652096113492637 2.618436652284957 0.010819164577868662 -0.003685761085592515 2.4079288658732155e-05 1.134412202703956e-06 2.581119745239308 2.6183573253637 6.082209654206035e-05 7.99778846360445e-06 1.3601283196913032 1.360059161884751 
2.6191734551219095 2.6184368434182295 -0.04696285166994439 -0.0036867878773171603 8.15564982839525e-05 1.1340756042838127e-06 2.614861029234351 2.6183568607828467 -1.3343908089530462e-05 7.996018037575471e-06 1.3600271314038217 1.3600591655638175 
2.600958082623485 2.6184351975483846 0.0028771528828928916 -0.0036860521863391893 6.176207738554484e-06 1.133121908760055e-06 2.631193436246034 2.618356406526012 -3.526099310207964e-05 7.995100828909845e-06 1.3602109277183674 1.3600591565891254 
2.627558944301728 2.618436641666442 0.03223021728288747 -0.003685708158184031 1.7261010810971282e-05 1.133710955995306e-06 2.603921781328909 2.6183565407382585 6.384909020781511e-06 7.998193741852043e-06 1.3600814241937602 1.3600591559759476 
2.624274711902275 2.618436535481291 0.029413050111370964 -0.0036857505001108154 1.4202004368710523e-05 1.13362680639027e-06 2.6072026771265273 2.6183564994421826 4.570307662826766e-06 7.997916446208944e-06 1.3600021147004957 1.360059155948076 
2.552527171838528 2.6184346241485676 -0.013344647935279313 -0.003686565582201512 -5.002702642160645e-06 1.1321682132363516e-06 2.682679019438669 2.6183555496324376 -4.186540742488504e-05 7.993373063749085e-06 1.3599427880001955 1.3600591532723914 
2.625401824809041 2.618436715996048 -0.02676546678345021 -0.003686433263680289 1.610050360792279e-05 1.1341317040204852e-06 2.6058709457858877 2.618356943374998 -6.609207475340379e-06 7.996572628861669e-06 1.3598882146953861 1.3600591639193862 
2.5921681129654144 2.6184349957965973 0.015575793120486611 -0.003685941038781365 3.2327492694997774e-05 1.1327853103399116e-06 2.6409243712955797 2.6183561277775 -5.959530689632296e-05 7.99514348977801e-06 1.360085813487108 1.36005915357898 
2.5833635534675583 2.6184351656928393 0.015859050025225224 -0.0036860310153757903 1.828581275096537e-05 1.1326450609982033e-06 2.6490910419632794 2.618355895487073 -4.831750111789705e-05 7.995314133250723e-06 1.360036184889238 1.3600591526870853 
2.627157798037226 2.618435908988898 0.014122300628627474 -0.0036858140130009986 3.28112126746118e-05 1.1336829061269968e-06 2.6050201278967764 2.6183568143247613 2.447789514119621e-05 7.996615289729834e-06 1.3600726446872975 1.360059158261428 
2.6210892582397998 2.6184359142981557 -0.02463144425875201 -0.003686311530640779 -3.309230362593234e-05 1.133907305073741e-06 2.6105015109071013 2.6183569691850455 8.67669351962806e-06 7.995442115855218e-06 1.3599409093072774 1.3600591630274914 
2.6434200858111465 2.618436997386699 0.03245425900301127 -0.003685644645293848 1.9042205500763635e-05 1.1341317040204852e-06 2.5890313145603394 2.618356855620837 1.3753208849000894e-05 7.998812324440461e-06 1.3599995629056716 1.3600591579548393 
2.6465941298791167 2.6184363178017307 0.010138973280443914 -0.003685761085592515 2.771441134693625e-05 1.134215853625521e-06 2.5867793414650437 2.6183572427715482 6.548200716333981e-05 7.997191211450087e-06 1.360154569717997 1.36005916121583 
2.6358565387225754 2.6184374061995315 0.014705433644369492 -0.0036859727952264637 -2.0159813650810716e-05 1.1341878037572119e-06 2.5956004981531566 2.618356747218638 -2.445420596909522e-05 7.998812324440461e-06 1.3600656243040976 1.3600591594877836 
2.671719288726718 2.618437459292107 0.05447396632014434 -0.003685274153434434 9.690350690129998e-05 1.1346646515190636e-06 2.565627491405144 2.618357263419586 7.434759681208131e-05 8.000262793958176e-06 1.3599725491939993 1.3600591583729151 
2.624967272695947 2.618436970840411 0.0010321245940132368 -0.0036861421629336144 -1.1082869709730164e-06 1.1339914546787768e-06 2.605633111360942 2.6183566801125147 -8.80980436847805e-06 7.997724472302175e-06 1.3600783690079 1.3600591600730896 
2.6311053372211735 2.618436323110988 0.04375459945031568 -0.0036855229122543243 7.447659931413534e-05 1.13362680639027e-06 2.6023624053700436 2.6183565613862965 2.9391296641129226e-05 7.998087089681604e-06 1.3600801618001939 1.3600591544987468 
2.6144957337451924 2.6184359673907314 -0.014634388318021746 -0.0036862533104914386 -1.196400676861404e-05 1.1336829061269968e-06 2.616223928788252 2.618356736894619 -6.655033482849898e-07 7.995804733234647e-06 1.3598616266962817 1.3600591609371129 
2.578061097062549 2.618435563887157 -0.006195478233951182 -0.003686406799976047 3.998983502149578e-07 1.1327853103399116e-06 2.653904017013614 2.6183558903250637 1.0866305239212487e-05 7.99514348977801e-06 1.3598613317020551 1.3600591553070265 
2.5848979129757668 2.6184357337833988 -0.004039781935477715 -0.003686337994345021 9.137999881684926e-07 1.1328975098133108e-06 2.646457983517859 2.6183560038892724 7.98379569884539e-06 7.995442115855218e-06 1.3600301050927885 1.3600591558087174 
2.6728927408335017 2.618438043310439 0.04330904594019375 -0.003685464692104984 -9.353994568955869e-06 1.1349171003341711e-06 2.5631865474666737 2.6183572995536526 -9.686506539762028e-06 8.000838715678429e-06 1.3597900487051415 1.3600591602681917 
2.556599379026648 2.61843437992272 0.028354777164163 -0.0036859727952264637 3.7016505036669995e-05 1.1318316148162082e-06 2.680533316632612 2.6183552812079447 -0.00013285950343571305 7.994546237623701e-06 1.3600305723063393 1.3600591473914596 
2.662932414365807 2.618438186660393 0.058803089598934294 -0.0036854117646965 -8.690290458573103e-05 1.1346366016507002e-06 2.5736701215659576 2.6183568401348087 -5.819280952486992e-05 8.001414637398682e-06 1.3599613716052186 1.3600591568399707 
2.6333558784099553 2.618436461151685 0.03337119459859661 -0.0036856393525529912 4.809398709344862e-05 1.1337951056003418e-06 2.5990310664157517 2.618356695598543 2.5347195651853063e-05 7.998044428813439e-06 1.3600728846070163 1.3600591564776385 
2.65618820252302 2.6184374433643343 0.019261604920085273 -0.0036857505001108154 4.450329539670351e-05 1.1346366016507002e-06 2.576665493714016 2.6183572117994913 2.7873102995204903e-05 7.999196272254e-06 1.3602729507004596 1.360059161522419 
2.6322527102548032 2.6184378627956817 0.022790190560033632 -0.003686015137153248 -6.740430507927239e-05 1.1341317040204852e-06 2.6013255022010586 2.6183564529840972 -4.402639370192885e-05 7.999580220067483e-06 1.360188811512886 1.3600591577597374 
2.551257719063787 2.618436508935003 -0.028056884965041676 -0.003687232467548443 9.26701927207649e-05 1.1323926121830957e-06 2.695302114837654 2.61835512634766 0.00043682939999999993 7.99488752456902e-06 1.3606687856264 1.3600591539134408 
2.5756700755732536 2.618435877133353 0.005699919774227277 -0.003686332701604164 -5.299610498595258e-06 1.1326731108665666e-06 2.6568858001717066 2.6183556735206652 5.143329267567393e-05 7.995804733234647e-06 1.360017249794023 1.3600591532723914 
2.5815735319706157 2.6184360682666252 0.02394823167223885 -0.0036860945282659874 -2.2171704482808706e-05 1.1327292106032391e-06 2.6513269663710903 2.6183555909285134 4.080610779767633e-05 7.996764602768384e-06 1.3599044623023349 1.3600591514049865 
2.6304415950775586 2.618436461151685 0.014651373589341266 -0.0036858563549277967 1.5272808092790856e-05 1.133907305073741e-06 2.6005755035191713 2.618356798838733 1.4034002683281882e-05 7.997489837527241e-06 1.3600699101097697 1.3600591588188624 
2.6027733602586594 2.6184358346592926 0.0026984064389519308 -0.0036861209919702292 1.9281112774014635e-06 1.1332902079701267e-06 2.6277800471510004 2.6183563600679265 -8.958200198400058e-06 7.995996707141362e-06 1.3600543790985373 1.3600591570908163 
2.623867736072968 2.618437337179183 0.00988036996257835 -0.003686131577451915 -2.0440508683341747e-05 1.133907305073741e-06 2.6077929064528886 2.6183564891181637 -1.5894494745117454e-05 7.998428376626977e-06 1.3601768187043266 1.3600591586795039 
2.589190649468007 2.6184359886277617 -0.007942469084091089 -0.003686406799976047 5.069387983518863e-06 1.1330658090233825e-06 2.6420770480132623 2.618356086481424 2.0720795142519432e-05 7.995698081064207e-06 1.360046007104413 1.3600591568678424 
2.5878587372599693 2.618436179761034 0.02067068073074245 -0.003686105113747673 -1.779049737142324e-05 1.1328694599449475e-06 2.644231918548162 2.618355776760855 2.8716892306697363e-05 7.996849924504768e-06 1.3600498229929778 1.3600591526870853 
2.660589800032351 2.6184378043938485 0.030291359284242772 -0.003685644645293848 -1.7432300552654276e-05 1.134692701387427e-06 2.573150056853502 2.6183571498553775 -1.965509293498397e-05 8.000028159183242e-06 1.3599881263886626 1.3600591606026522 
2.6145331852480487 2.6184363443480185 -0.017341852849968073 -0.0036863432870858637 2.6123878156840614e-06 1.1337390058636693e-06 2.6160531953245827 2.618356695598543 -2.3849069789230867e-06 7.996167350614075e-06 1.3600185570889214 1.360059161299445 
2.628012269949568 2.6184363708943064 -0.011273333804156044 -0.0036861580411561706 -8.874510119461995e-06 1.1340195045471402e-06 2.6027247423017243 2.618356964023036 9.517304596441992e-06 7.99655129842756e-06 1.360063426591535 1.3600591621077247 
2.5911525794156125 2.618435558577899 -0.01226103334488797 -0.0036863644580492627 -5.644287280821814e-06 1.1330658090233825e-06 2.639907465751334 2.6183562516657273 -1.382429079553485e-05 7.995036837607624e-06 1.36009862499941 1.3600591577597374 
2.620609933157669 2.6184360257925645 -0.046645281926283914 -0.003686607924128296 -3.0286503345224253e-05 1.1340195045471402e-06 2.6124662078506167 2.6183570775872447 5.927392540115131e-06 7.99497284630535e-06 1.3600016656871745 1.3600591659540213 
2.581692167330882 2.618434963941052 0.010693197345670535 -0.0036860733573025883 1.552469591053129e-05 1.13261701112984e-06 2.6510688452488735 2.6183559419451585 -6.53341961953044e-05 7.99490885500313e-06 1.3599244061027704 1.3600591531330328 
2.6098320022621566 2.6184366469756997 0.05319291132513457 -0.0036856287670712917 -3.3724996456328045e-05 1.1331499586284184e-06 2.6242187355122057 2.6183558593530067 1.1629972175954736e-07 7.998663011401857e-06 1.3599798817961455 1.3600591506524502 
2.601177954906981 2.6184356382167624 -0.011001646830912606 -0.003686269188713981 -9.541311589765554e-06 1.1332902079701267e-06 2.6297179481032864 2.6183564684701257 -1.375880636289719e-05 7.995292802816614e-06 1.3600620022911791 1.3600591588188624 
2.612291303458353 2.6184365036257455 -0.017645126900596317 -0.0036863962144943474 1.2858191276025758e-05 1.133710955995306e-06 2.6184977268596437 2.6183566130063913 1.7748049630880074e-06 7.9963806549549e-06 1.3599841422943006 1.3600591610764714 
2.598602423444194 2.6184360682666252 -0.007145377019541974 -0.0036863221161224785 -1.0124125209689324e-06 1.1332902079701267e-06 2.632200688832545 2.618356292961803 1.1559581743479956e-07 7.995932715839141e-06 1.3599657721029959 1.360059157899096 
2.6151838135254803 2.618435521413096 -0.002114314571180123 -0.003686036308116647 -4.439994233286374e-06 1.1334865570485617e-06 2.6167083214341718 2.6183567214085905 -1.897207934027905e-06 7.995527437591548e-06 1.360058484100397 1.360059159069708 
2.62455615564574 2.6184360895036556 0.033050772067618694 -0.0036856499380346908 5.861989653908612e-05 1.133514606916925e-06 2.607968197970932 2.6183565510622775 1.8272807874876267e-05 7.997468507093186e-06 1.360113488399464 1.3600591552791548 
2.628879473461548 2.6184363549665335 0.0221964508916309 -0.0036857769638150573 2.9287307714396735e-05 1.1337951056003418e-06 2.6025847486045297 2.6183567214085905 1.6878096111863812e-05 7.997532498395406e-06 1.3600870725918122 1.3600591575367635 
2.62420868597521 2.6184372893958647 0.01109344499412794 -0.00368609982100683 -2.0390804316633925e-05 1.133907305073741e-06 2.6072271915095646 2.618356504604192 -1.4955209080231191e-05 7.998407046192868e-06 1.3600425117963086 1.360059158568017 
2.592241736440054 2.6184351550743243 0.014089358609585406 -0.0036859833807081632 2.4414091887301208e-05 1.132813360208275e-06 2.6402030114423067 2.618356117453481 -4.8959589844691756e-05 7.995314133250723e-06 1.3601329448072277 1.3600591539691842 
2.6219732443149395 2.6184373212514105 0.020213546703643656 -0.003686015137153248 -4.033640652504266e-05 1.1338231554687051e-06 2.6100042751815864 2.6183563497439075 -1.3307710342890032e-05 7.998705672270022e-06 1.3601094941876697 1.3600591569514575 
2.571147275677624 2.618435558577899 -0.006599843634788841 -0.00368647031286623 3.5291977625489038e-06 1.1326450609982033e-06 2.6615641087186335 2.618355745788798 3.700638959169985e-05 7.994930185437185e-06 1.3599394602010955 1.360059154470875 
2.647362124604257 2.6184372044477437 0.009483520253745797 -0.0036859039895954238 -6.633493937885739e-06 1.1344402525723194e-06 2.5852729793435754 2.6183571085593016 -1.7816793464761973e-05 7.998513698363307e-06 1.3598541032983138 1.3600591617175208 
2.6567878300722922 2.61843645053317 0.003232782725996086 -0.003685782256555914 1.0397797074121267e-05 1.1345244021773553e-06 2.577878540132609 2.618357495710013 9.248840576571226e-05 7.997319194054582e-06 1.3602343018858125 1.3600591633898236 
2.6255424245678496 2.6184370133144714 0.01929262038145843 -0.003685946331522222 -1.6321806264865386e-05 1.1338512053370685e-06 2.6054319272033286 2.6183565304142395 -8.70679970228674e-06 7.998300394022428e-06 1.3599767552865678 1.360059157592507 
2.5935746574070286 2.618436779707139 0.0375096733520178 -0.0036859727952264637 -7.24891010632962e-05 1.1329816594183467e-06 2.6409642736288874 2.618355585766504 4.727040249898431e-05 7.998172411417934e-06 1.3601569793949488 1.3600591507918087 
2.650991479982397 2.618437108881108 0.021072558543381248 -0.003685708158184031 1.7269005023449688e-05 1.134412202703956e-06 2.5814674943321885 2.6183571292073395 2.2342206758975945e-05 7.998748333138241e-06 1.360024813313324 1.360059160519037 
2.593255109122027 2.6184369655311537 0.020592147042030037 -0.003686216261305497 -5.270049396801591e-05 1.133121908760055e-06 2.6410391434144374 2.618355683844684 7.029180674492715e-05 7.99785245490667e-06 1.3602946124855073 1.3600591531330328 
2.633507372765285 2.618437703517955 -0.009325017677614789 -0.003686332701604164 2.5168296747368594e-05 1.1343561029672836e-06 2.5993150698535192 2.618356788514714 -4.174190421153904e-05 7.998471037495142e-06 1.360123963704654 1.360059162386442 
2.5488935889640527 2.618434671931886 0.03700883187099077 -0.003685967502485607 1.7139498781299574e-05 1.1316913654744456e-06 2.6895044968023463 2.618354945677328 -5.7302498536640424e-05 7.99514348977801e-06 1.3599051197960808 1.3600591451617223 
2.621913982382011 2.618436938984866 -0.04808401296391614 -0.0036867878773171603 9.049941340952516e-05 1.1341878037572119e-06 2.612356561607176 2.6183569227269605 -1.944270580281018e-05 7.996167350614075e-06 1.3599730860868364 1.3600591661491235 
2.593760619462463 2.6184354205372022 0.030281546542709356 -0.0036858140130009986 4.046170206630829e-05 1.1327572604716025e-06 2.6391234597509685 2.6183559625931965 -3.275579761022329e-05 7.99621001148224e-06 1.3600888887963463 1.3600591517951903 
2.5586561986800658 2.618433657863691 0.007754879336128187 -0.003686131577451915 1.981758801143169e-05 1.1319438142895532e-06 2.6801546935610108 2.6183556115765514 -0.0002554805993464805 7.992903794199217e-06 1.3602516040887598 1.3600591503458612 
2.62479940459029 2.6184366841405025 0.046965684152234594 -0.003685575839662808 1.2873394304668882e-05 1.1335426567852342e-06 2.6081378061165337 2.618356313609841 2.8727037358224463e-06 7.998663011401857e-06 1.3599696614892718 1.3600591534117499 
2.636221072346916 2.618436620429412 0.006922860474718767 -0.0036859145750771233 7.021799069690691e-06 1.134103654152176e-06 2.5948258457139755 2.6183569795090644 1.6946289509630187e-05 7.997532498395406e-06 1.360023414292613 1.3600591606583956 
2.6490451061594533 2.618437098262593 -0.015988213206959756 -0.0036861421629336144 -4.901302368092559e-06 1.1346366016507002e-06 2.582953894962984 2.6183573718217854 5.781705675321784e-06 7.997660480999955e-06 1.3600570611936267 1.3600591653965872 
2.635412663553199 2.6184363549665335 0.049219206179813846 -0.003685432935659899 9.811629905894398e-05 1.13362680639027e-06 2.5990107435844148 2.6183566026823724 4.2677405449426174e-05 7.998343054890593e-06 1.3600828966006955 1.3600591541921578 
2.634822943078541 2.618436715996048 -0.007992400801257349 -0.0036861104064885297 -4.0589021773934815e-07 1.1341878037572119e-06 2.5961355920562244 2.618357036291169 3.79919114025832e-06 7.997212541884196e-06 1.3600492425087793 1.3600591625536722 
2.613027766502821 2.618436737233078 -0.003736126807508372 -0.003686269188713981 4.226293090665368e-06 1.1336829061269968e-06 2.6176104651835783 2.6183564684701257 2.6089955792427165e-06 7.997084559279648e-06 1.3600295802962756 1.36005915926481 
2.632474276191462 2.6184366310479272 0.03176213786771363 -0.0036856764017389326 2.8946894512158644e-05 1.1337951056003418e-06 2.5994102108503108 2.618356674950505 1.476819622445104e-05 7.998215072286098e-06 1.359962926010738 1.360059156616997 
2.646845385184073 2.6184376026420613 -0.0067167973293216915 -0.0036861580411561706 9.465503599929829e-06 1.1346366016507002e-06 2.5852710384280093 2.6183571395313585 -3.59827083393097e-05 7.998620350533692e-06 1.3600582357912923 1.360059163835771 
2.603935493028317 2.6184362700184125 0.03586969642909696 -0.003685803427519299 -1.921901452195656e-06 1.133121908760055e-06 2.628296950132648 2.618355988403244 -2.8447058160364783e-06 7.997575159263571e-06 1.3600287164960987 1.3600591524362398 
2.608237350825052 2.618436556718321 0.004926089305708023 -0.003686173919378713 -4.313489327049242e-06 1.133514606916925e-06 2.6222642541854584 2.61835632393386 5.998401555180552e-06 7.997105889713757e-06 1.3600668734864714 1.3600591574810201 
2.630384244477353 2.618437225684774 -0.013361701146293703 -0.0036863221161224785 2.0461108091008684e-05 1.1342439034938844e-06 2.6009849024913136 2.618356855620837 -2.094598947530987e-05 7.997660480999955e-06 1.3600646924969375 1.360059162665159 
2.65478178019433 2.618436365585049 -0.015199954726887052 -0.0036859833807081632 -4.546209921711385e-05 1.1346366016507002e-06 2.579759948053107 2.6183576144362313 8.712469747183322e-05 7.996657950597999e-06 1.3601730701259522 1.3600591657310477 
2.6037573196537287 2.6184351019817487 -0.01217053806185757 -0.003686195090342112 -2.8177602043554195e-05 1.1332902079701267e-06 2.628927995467996 2.6183566130063913 -3.165071048120261e-05 7.994524907189591e-06 1.3601868933257484 1.3600591590975797 
2.609905174449903 2.618436349657276 -0.0129132048722599 -0.0036863432870858637 5.268598148506858e-06 1.133598756521961e-06 2.6205477311718846 2.6183565613862965 1.911597036868297e-06 7.99629533321857e-06 1.360059781194248 1.360059160128833 
2.578091035965952 2.6184359726999893 -0.002748813636858402 -0.003686427970939446 2.5362043732583654e-06 1.1328414100766383e-06 2.654448175405334 2.618355776760855 5.731309082221387e-05 7.995698081064207e-06 1.3600774683891883 1.3600591547495922 
2.677304829435779 2.618438298154802 7.065587692728359e-05 -0.0036859304532996656 -3.1049261549711583e-07 1.1354219979643862e-06 2.558404712238549 2.618357707352402 -4.7684691129928826e-05 8.000134811353681e-06 1.359982058911511 1.3600591668180446 
2.6210608537118327 2.6184363815128213 -0.038563758875278305 -0.003686565582201512 2.8459871192634085e-06 1.1340195045471402e-06 2.6110614547238225 2.618356974347055 -4.028992846810838e-06 7.995698081064207e-06 1.3599837263089611 1.3600591649506397 
2.5748837293993434 2.618435160383582 -0.029121710325420276 -0.003686660851536794 -7.741099089235046e-06 1.1327572604716025e-06 2.6587730101908638 2.618356076157405 -1.3123308740234363e-05 7.993778341996679e-06 1.3599977011866278 1.3600591580941979 
2.5826839154067973 2.6184355054853237 -0.03702915512991344 -0.0036867667063537612 9.223096637690081e-06 1.1330658090233825e-06 2.6511062801416485 2.6183562413417083 9.690593042939867e-06 7.994034307205668e-06 1.3598884104941806 1.3600591601845764 
2.5918290425403505 2.6184361585240037 -0.017695460866067075 -0.003686544411238113 1.8282110168343793e-05 1.1332341082334542e-06 2.639978009772937 2.618356194883623 2.9300898261481534e-05 7.995634089761933e-06 1.3600560560002422 1.3600591585401454 
2.5980901968929393 2.61843645053317 -0.01055135102499026 -0.0036864438491619883 1.4078304449307937e-05 1.1333463077068534e-06 2.6333621409663497 2.61835622585568 2.701790190147755e-05 7.99635932452079e-06 1.3600434288872036 1.3600591583729151 
2.62399159043342 2.6184356966185955 -0.007814210095105509 -0.003686057479080046 -1.8367511213153605e-05 1.1337951056003418e-06 2.608119424200763 2.618356943374998 1.8000802179437842e-05 7.995655420196042e-06 1.3601896444869463 1.3600591609371129 
2.5770492640652694 2.618435547959384 -0.020174675948914908 -0.003686592045905754 8.947590830802937e-06 1.132813360208275e-06 2.6555639540792284 2.6183559935652534 2.3222705747526868e-05 7.99463155936003e-06 1.36001649399674 1.3600591571465597 
2.6338722992746857 2.6184376875901823 0.02471287394264482 -0.0036859304532996656 -5.6381394041359425e-05 1.1341317040204852e-06 2.5988501689554093 2.61835652525223 -3.8066499775403744e-05 7.999473567897044e-06 1.3601705582155519 1.360059157787609 
2.622511751691136 2.6184373212514105 -0.028887638861388266 -0.0036866185096099957 7.470380324773191e-05 1.1341597538888485e-06 2.6109073532547096 2.618356736894619 -1.9697391185772412e-05 7.997255202752361e-06 1.3600999889017606 1.360059163557054 
2.6085745364636805 2.6184365407905483 -0.007475771074278756 -0.003686311530640779 7.068586250090622e-06 1.133598756521961e-06 2.6220567207561807 2.618356437498069 6.538509476619961e-06 7.996721941900219e-06 1.3600667638948898 1.3600591592090665 
2.6279249008070957 2.618436009864792 0.013138316591971302 -0.003685824598482698 2.7518286667466163e-05 1.1337390058636693e-06 2.6039361575253204 2.618356819486771 2.352060658994317e-05 7.996721941900219e-06 1.3600070622085423 1.360059158484402 
2.599692504279451 2.6184355691964143 0.044320351105110706 -0.0036856340598121484 6.34977966941953e-05 1.132813360208275e-06 2.6344895238375625 2.6183559109731016 -2.0762697055226598e-05 7.996892585372933e-06 1.3600009300132694 1.3600591504016046 
2.620137717171416 2.6184375760957734 0.009320779058131182 -0.003686221554046354 -2.8304205124330518e-05 1.133907305073741e-06 2.6130735647244445 2.61835632393386 -1.0819109928751017e-05 7.998684341835966e-06 1.3603250908742697 1.3600591580384545 
2.631859772102495 2.6184366629034725 0.01349082371797379 -0.003685877525891182 8.203708322286596e-06 1.1339634048104135e-06 2.5989376701781652 2.618356809162752 8.912608120596386e-06 7.997724472302175e-06 1.3600480031093776 1.3600591592090665 
2.6174555386519427 2.6184355904334446 -0.03570391633429905 -0.0036864385564211455 -6.235919965895712e-05 1.1337951056003418e-06 2.6153999894825217 2.6183570001571024 7.267903670120216e-06 7.994674220228196e-06 1.3599287159059887 1.3600591641144884 
2.62531831018756 2.6184361425962313 -0.005858150688702657 -0.003686083942784288 -7.436000671243647e-06 1.1338512053370685e-06 2.6055835509078897 2.6183568917549036 1.2048693861353374e-05 7.996337994086735e-06 1.359980594197169 1.360059161020728 
2.620607910330537 2.618435792185232 -0.0503413748749811 -0.0036866185096099957 -6.152039639596046e-05 1.1340195045471402e-06 2.613304120716019 2.6183571292073395 1.162679920560717e-05 7.994524907189591e-06 1.359869725700898 1.3600591664278405 
2.618496976069399 2.6184356594537928 -0.045572644480412684 -0.0036865549967198125 -6.759919556453527e-05 1.133907305073741e-06 2.615116058312887 2.6183570775872447 1.0108498907512409e-05 7.994460915887317e-06 1.3600086517045504 1.3600591655359457 
2.6280399524185065 2.6184366257386693 0.02512225686180701 -0.0036857875492967568 1.376911075053809e-05 1.1337951056003418e-06 2.6030189200601836 2.61835662849242 6.650600907731044e-06 7.997980437511219e-06 1.3600180480956707 1.3600591570350729 
2.5826344915281343 2.61843457636525 -0.037267963597005 -0.0036866185096099957 -6.572829739577473e-05 1.1328975098133108e-06 2.652796920839671 2.6183563807159644 -7.480138940694928e-05 7.992797142028778e-06 1.3600875658096725 1.3600591600452179 
2.6523857547297807 2.618436694759018 -0.031071360222655393 -0.0036862268467871967 -4.6661104864466183e-05 1.1347488011240994e-06 2.5810874362219507 2.6183576144362313 4.4287191979306914e-05 7.996700611466164e-06 1.359948933991967 1.360059167737811 
2.5729130843054464 2.618433928635827 -0.029163067802411707 -0.003686517947533871 -7.404920669079124e-05 1.1325609113931674e-06 2.664860082745953 2.6183562000456324 -0.00016387570368935466 7.99207190726992e-06 1.3603026612234865 1.3600591575646352 
2.5564295119855185 2.618435378063142 -0.012640162957359216 -0.003686655558795937 1.0591200916361789e-05 1.1323365124464232e-06 2.6787348415564773 2.6183554773643047 8.96857147096872e-05 7.994332933282822e-06 1.3599847662862456 1.360059153495365 
2.612654785849696 2.618435951462959 -0.01088690020931364 -0.003686216261305497 -7.802500251042851e-06 1.133598756521961e-06 2.617961218565978 2.618356674950505 -2.2104026976823773e-06 7.995826063668702e-06 1.360007910595661 1.3600591601567047 
2.578553971369983 2.61843562228899 0.06535365031027893 -0.003685570546921965 5.931107988953589e-06 1.132224312973024e-06 2.6607851924596186 2.618355116023641 -5.044193526601809e-06 7.997532498395406e-06 1.3599387539039776 1.3600591444928012 
2.6446829139597616 2.618437857486424 -0.005431164113477827 -0.0036862109685646544 1.3112210883760452e-05 1.1345805019140278e-06 2.5881902941652277 2.618357005319112 -5.649580285001994e-05 7.998940307044956e-06 1.3600434402867347 1.3600591633062085 
2.580147199926061 2.6184358452778076 -0.008185040689926051 -0.0036864597273845445 6.254298572027695e-06 1.1328694599449475e-06 2.6519397278688475 2.618355905811092 3.740130124832989e-05 7.995399454987053e-06 1.3600259978890632 1.360059155836589 
2.619588070972851 2.618435887751868 0.004798026148133835 -0.0036859833807081632 8.348305393606436e-06 1.13362680639027e-06 2.6115600222477844 2.6183567214085905 6.55120108489991e-06 7.99627400278446e-06 1.360138885802539 1.360059158763119 
2.586297889865774 2.6184357284741413 -0.00646572558168379 -0.0036863644580492627 7.24210928022839e-07 1.1329536095499833e-06 2.6449674739275144 2.618356065833386 4.652195199274993e-06 7.995335463684779e-06 1.359895823506223 1.360059156310408 
2.636525770638511 2.6184379265067728 0.03030058982428284 -0.0036859039895954238 -8.520369966111185e-05 1.1341878037572119e-06 2.5973444985432113 2.618356473632135 -5.3285103250837326e-05 7.999921507012857e-06 1.3601517168807844 1.3600591573416616 
2.658889563390072 2.6184369283663504 -0.03173630313369515 -0.0036862109685646544 -4.310850488893389e-05 1.1349732000708436e-06 2.5751625307757924 2.6183577383244585 4.470309278307554e-05 7.997063228845592e-06 1.3598277297023733 1.3600591686854495 
2.5936072721762438 2.618435123218779 -0.006226012055907101 -0.0036862056758237977 -1.014040067788362e-05 1.1330377591550192e-06 2.638410596565306 2.61835632393386 -4.448209709569811e-05 7.994695550662251e-06 1.3601572300174058 1.3600591569793294 
2.5864683011058043 2.6184358558963226 -0.0037639877953357104 -0.0036863485798267204 1.7662915869176392e-06 1.1329536095499833e-06 2.644690057213848 2.618356019375301 1.6499694211214778e-05 7.995634089761933e-06 1.3600785891108296 1.3600591559759476 
2.6398943989962005 2.618437815012364 0.010329215557508153 -0.003686057479080046 -2.525009338409602e-05 1.1343561029672836e-06 2.5927213873636923 2.618356778190695 -4.8404507958525414e-05 7.99928159399033e-06 1.36009554559303 1.3600591605469088 
2.641019250159244 2.618436461151685 0.01970112470563974 -0.003685713450924874 3.798590848668219e-05 1.1340756042838127e-06 2.5913667986450597 2.618357005319112 4.106360879793761e-05 7.997745802736285e-06 1.3600855422953257 1.3600591592926816 
2.613869273208192 2.618436047029595 0.021105405293088034 -0.0036858563549277967 2.2347686136174225e-05 1.133402407443526e-06 2.617238361729955 2.6183564220120403 -7.65201797193278e-07 7.996913915806988e-06 1.3600456774099017 1.360059155752974 
2.6187347140045976 2.6184362965647003 0.027439185924753223 -0.003685782256555914 2.1035513294982938e-05 1.133514606916925e-06 2.6125695151464114 2.618356437498069 3.5442924529552095e-06 7.997532498395406e-06 1.3600020451884396 1.3600591555021284 
2.662024956062977 2.618437326560668 -0.01811693769806845 -0.0036860945282659874 -9.586387728196405e-06 1.1349732000708436e-06 2.5715230430843734 2.618357655732307 1.6883407389950747e-05 7.998044428813439e-06 1.359864766904807 1.3600591672918636 
