# File written by the predict_spectrum.py script.
# frequency (cm^-1)	Intensity
1.00000e+02	1.14814e-02
1.00700e+02	1.14980e-02
1.01401e+02	1.15148e-02
1.02101e+02	1.15315e-02
1.02801e+02	1.15483e-02
1.03502e+02	1.15651e-02
1.04202e+02	1.15820e-02
1.04902e+02	1.15989e-02
1.05603e+02	1.16159e-02
1.06303e+02	1.16328e-02
1.07004e+02	1.16499e-02
1.07704e+02	1.16669e-02
1.08404e+02	1.16840e-02
1.09105e+02	1.17011e-02
1.09805e+02	1.17183e-02
1.10505e+02	1.17355e-02
1.11206e+02	1.17528e-02
1.11906e+02	1.17700e-02
1.12606e+02	1.17874e-02
1.13307e+02	1.18047e-02
1.14007e+02	1.18221e-02
1.14707e+02	1.18396e-02
1.15408e+02	1.18570e-02
1.16108e+02	1.18746e-02
1.16808e+02	1.18921e-02
1.17509e+02	1.19097e-02
1.18209e+02	1.19273e-02
1.18909e+02	1.19450e-02
1.19610e+02	1.19627e-02
1.20310e+02	1.19805e-02
1.21011e+02	1.19983e-02
1.21711e+02	1.20161e-02
1.22411e+02	1.20340e-02
1.23112e+02	1.20519e-02
1.23812e+02	1.20698e-02
1.24512e+02	1.20878e-02
1.25213e+02	1.21059e-02
1.25913e+02	1.21239e-02
1.26613e+02	1.21421e-02
1.27314e+02	1.21602e-02
1.28014e+02	1.21784e-02
1.28714e+02	1.21966e-02
1.29415e+02	1.22149e-02
1.30115e+02	1.22332e-02
1.30815e+02	1.22516e-02
1.31516e+02	1.22700e-02
1.32216e+02	1.22885e-02
1.32916e+02	1.23069e-02
1.33617e+02	1.23255e-02
1.34317e+02	1.23441e-02
1.35018e+02	1.23627e-02
1.35718e+02	1.23813e-02
1.36418e+02	1.24000e-02
1.37119e+02	1.24188e-02
1.37819e+02	1.24376e-02
1.38519e+02	1.24564e-02
1.39220e+02	1.24753e-02
1.39920e+02	1.24942e-02
1.40620e+02	1.25131e-02
1.41321e+02	1.25321e-02
1.42021e+02	1.25512e-02
1.42721e+02	1.25703e-02
1.43422e+02	1.25894e-02
1.44122e+02	1.26086e-02
1.44822e+02	1.26278e-02
1.45523e+02	1.26471e-02
1.46223e+02	1.26664e-02
1.46923e+02	1.26857e-02
1.47624e+02	1.27051e-02
1.48324e+02	1.27246e-02
1.49025e+02	1.27441e-02
1.49725e+02	1.27636e-02
1.50425e+02	1.27832e-02
1.51126e+02	1.28028e-02
1.51826e+02	1.28225e-02
1.52526e+02	1.28422e-02
1.53227e+02	1.28619e-02
1.53927e+02	1.28817e-02
1.54627e+02	1.29016e-02
1.55328e+02	1.29215e-02
1.56028e+02	1.29415e-02
1.56728e+02	1.29614e-02
1.57429e+02	1.29815e-02
1.58129e+02	1.30016e-02
1.58829e+02	1.30217e-02
1.59530e+02	1.30419e-02
1.60230e+02	1.30621e-02
1.60930e+02	1.30824e-02
1.61631e+02	1.31027e-02
1.62331e+02	1.31231e-02
1.63032e+02	1.31435e-02
1.63732e+02	1.31640e-02
1.64432e+02	1.31845e-02
1.65133e+02	1.32051e-02
1.65833e+02	1.32257e-02
1.66533e+02	1.32463e-02
1.67234e+02	1.32670e-02
1.67934e+02	1.32878e-02
1.68634e+02	1.33086e-02
1.69335e+02	1.33295e-02
1.70035e+02	1.33504e-02
1.70735e+02	1.33713e-02
1.71436e+02	1.33923e-02
1.72136e+02	1.34134e-02
1.72836e+02	1.34345e-02
1.73537e+02	1.34557e-02
1.74237e+02	1.34769e-02
1.74937e+02	1.34981e-02
1.75638e+02	1.35194e-02
1.76338e+02	1.35408e-02
1.77039e+02	1.35622e-02
1.77739e+02	1.35837e-02
1.78439e+02	1.36052e-02
1.79140e+02	1.36267e-02
1.79840e+02	1.36484e-02
1.80540e+02	1.36700e-02
1.81241e+02	1.36917e-02
1.81941e+02	1.37135e-02
1.82641e+02	1.37353e-02
1.83342e+02	1.37572e-02
1.84042e+02	1.37791e-02
1.84742e+02	1.38011e-02
1.85443e+02	1.38232e-02
1.86143e+02	1.38453e-02
1.86843e+02	1.38674e-02
1.87544e+02	1.38896e-02
1.88244e+02	1.39118e-02
1.88944e+02	1.39341e-02
1.89645e+02	1.39565e-02
1.90345e+02	1.39789e-02
1.91046e+02	1.40014e-02
1.91746e+02	1.40239e-02
1.92446e+02	1.40465e-02
1.93147e+02	1.40691e-02
1.93847e+02	1.40918e-02
1.94547e+02	1.41145e-02
1.95248e+02	1.41373e-02
1.95948e+02	1.41602e-02
1.96648e+02	1.41831e-02
1.97349e+02	1.42061e-02
1.98049e+02	1.42291e-02
1.98749e+02	1.42522e-02
1.99450e+02	1.42753e-02
2.00150e+02	1.42985e-02
2.00850e+02	1.43217e-02
2.01551e+02	1.43450e-02
2.02251e+02	1.43684e-02
2.02951e+02	1.43918e-02
2.03652e+02	1.44153e-02
2.04352e+02	1.44388e-02
2.05053e+02	1.44624e-02
2.05753e+02	1.44861e-02
2.06453e+02	1.45098e-02
2.07154e+02	1.45336e-02
2.07854e+02	1.45574e-02
2.08554e+02	1.45813e-02
2.09255e+02	1.46052e-02
2.09955e+02	1.46292e-02
2.10655e+02	1.46533e-02
2.11356e+02	1.46774e-02
2.12056e+02	1.47016e-02
2.12756e+02	1.47259e-02
2.13457e+02	1.47502e-02
2.14157e+02	1.47746e-02
2.14857e+02	1.47990e-02
2.15558e+02	1.48235e-02
2.16258e+02	1.48480e-02
2.16958e+02	1.48726e-02
2.17659e+02	1.48973e-02
2.18359e+02	1.49220e-02
2.19060e+02	1.49468e-02
2.19760e+02	1.49717e-02
2.20460e+02	1.49966e-02
2.21161e+02	1.50216e-02
2.21861e+02	1.50467e-02
2.22561e+02	1.50718e-02
2.23262e+02	1.50970e-02
2.23962e+02	1.51222e-02
2.24662e+02	1.51475e-02
2.25363e+02	1.51729e-02
2.26063e+02	1.51983e-02
2.26763e+02	1.52238e-02
2.27464e+02	1.52494e-02
2.28164e+02	1.52750e-02
2.28864e+02	1.53007e-02
2.29565e+02	1.53265e-02
2.30265e+02	1.53523e-02
2.30965e+02	1.53782e-02
2.31666e+02	1.54041e-02
2.32366e+02	1.54301e-02
2.33067e+02	1.54562e-02
2.33767e+02	1.54824e-02
2.34467e+02	1.55086e-02
2.35168e+02	1.55349e-02
2.35868e+02	1.55613e-02
2.36568e+02	1.55877e-02
2.37269e+02	1.56142e-02
2.37969e+02	1.56407e-02
2.38669e+02	1.56674e-02
2.39370e+02	1.56941e-02
2.40070e+02	1.57208e-02
2.40770e+02	1.57477e-02
2.41471e+02	1.57746e-02
2.42171e+02	1.58015e-02
2.42871e+02	1.58286e-02
2.43572e+02	1.58557e-02
2.44272e+02	1.58829e-02
2.44972e+02	1.59101e-02
2.45673e+02	1.59375e-02
2.46373e+02	1.59649e-02
2.47074e+02	1.59923e-02
2.47774e+02	1.60199e-02
2.48474e+02	1.60475e-02
2.49175e+02	1.60752e-02
2.49875e+02	1.61029e-02
2.50575e+02	1.61308e-02
2.51276e+02	1.61587e-02
2.51976e+02	1.61866e-02
2.52676e+02	1.62147e-02
2.53377e+02	1.62428e-02
2.54077e+02	1.62710e-02
2.54777e+02	1.62993e-02
2.55478e+02	1.63276e-02
2.56178e+02	1.63561e-02
2.56878e+02	1.63845e-02
2.57579e+02	1.64131e-02
2.58279e+02	1.64418e-02
2.58979e+02	1.64705e-02
2.59680e+02	1.64993e-02
2.60380e+02	1.65282e-02
2.61081e+02	1.65571e-02
2.61781e+02	1.65861e-02
2.62481e+02	1.66152e-02
2.63182e+02	1.66444e-02
2.63882e+02	1.66737e-02
2.64582e+02	1.67030e-02
2.65283e+02	1.67324e-02
2.65983e+02	1.67619e-02
2.66683e+02	1.67915e-02
2.67384e+02	1.68211e-02
2.68084e+02	1.68509e-02
2.68784e+02	1.68807e-02
2.69485e+02	1.69106e-02
2.70185e+02	1.69406e-02
2.70885e+02	1.69706e-02
2.71586e+02	1.70007e-02
2.72286e+02	1.70309e-02
2.72986e+02	1.70612e-02
2.73687e+02	1.70916e-02
2.74387e+02	1.71221e-02
2.75088e+02	1.71526e-02
2.75788e+02	1.71832e-02
2.76488e+02	1.72139e-02
2.77189e+02	1.72447e-02
2.77889e+02	1.72756e-02
2.78589e+02	1.73066e-02
2.79290e+02	1.73376e-02
2.79990e+02	1.73687e-02
2.80690e+02	1.73999e-02
2.81391e+02	1.74312e-02
2.82091e+02	1.74626e-02
2.82791e+02	1.74941e-02
2.83492e+02	1.75256e-02
2.84192e+02	1.75573e-02
2.84892e+02	1.75890e-02
2.85593e+02	1.76208e-02
2.86293e+02	1.76527e-02
2.86993e+02	1.76847e-02
2.87694e+02	1.77167e-02
2.88394e+02	1.77489e-02
2.89095e+02	1.77812e-02
2.89795e+02	1.78135e-02
2.90495e+02	1.78459e-02
2.91196e+02	1.78784e-02
2.91896e+02	1.79110e-02
2.92596e+02	1.79437e-02
2.93297e+02	1.79765e-02
2.93997e+02	1.80094e-02
2.94697e+02	1.80424e-02
2.95398e+02	1.80754e-02
2.96098e+02	1.81086e-02
2.96798e+02	1.81418e-02
2.97499e+02	1.81752e-02
2.98199e+02	1.82086e-02
2.98899e+02	1.82421e-02
2.99600e+02	1.82757e-02
3.00300e+02	1.83095e-02
3.01001e+02	1.83433e-02
3.01701e+02	1.83772e-02
3.02401e+02	1.84112e-02
3.03102e+02	1.84452e-02
3.03802e+02	1.84794e-02
3.04502e+02	1.85137e-02
3.05203e+02	1.85481e-02
3.05903e+02	1.85826e-02
3.06603e+02	1.86171e-02
3.07304e+02	1.86518e-02
3.08004e+02	1.86866e-02
3.08704e+02	1.87214e-02
3.09405e+02	1.87564e-02
3.10105e+02	1.87915e-02
3.10805e+02	1.88266e-02
3.11506e+02	1.88619e-02
3.12206e+02	1.88973e-02
3.12906e+02	1.89327e-02
3.13607e+02	1.89683e-02
3.14307e+02	1.90040e-02
3.15008e+02	1.90397e-02
3.15708e+02	1.90756e-02
3.16408e+02	1.91116e-02
3.17109e+02	1.91476e-02
3.17809e+02	1.91838e-02
3.18509e+02	1.92201e-02
3.19210e+02	1.92565e-02
3.19910e+02	1.92930e-02
3.20610e+02	1.93296e-02
3.21311e+02	1.93663e-02
3.22011e+02	1.94031e-02
3.22711e+02	1.94400e-02
3.23412e+02	1.94770e-02
3.24112e+02	1.95141e-02
3.24812e+02	1.95514e-02
3.25513e+02	1.95887e-02
3.26213e+02	1.96261e-02
3.26913e+02	1.96637e-02
3.27614e+02	1.97014e-02
3.28314e+02	1.97391e-02
3.29015e+02	1.97770e-02
3.29715e+02	1.98150e-02
3.30415e+02	1.98531e-02
3.31116e+02	1.98913e-02
3.31816e+02	1.99297e-02
3.32516e+02	1.99681e-02
3.33217e+02	2.00067e-02
3.33917e+02	2.00453e-02
3.34617e+02	2.00841e-02
3.35318e+02	2.01230e-02
3.36018e+02	2.01620e-02
3.36718e+02	2.02011e-02
3.37419e+02	2.02404e-02
3.38119e+02	2.02797e-02
3.38819e+02	2.03192e-02
3.39520e+02	2.03588e-02
3.40220e+02	2.03985e-02
3.40920e+02	2.04383e-02
3.41621e+02	2.04783e-02
3.42321e+02	2.05183e-02
3.43022e+02	2.05585e-02
3.43722e+02	2.05988e-02
3.44422e+02	2.06392e-02
3.45123e+02	2.06797e-02
3.45823e+02	2.07204e-02
3.46523e+02	2.07612e-02
3.47224e+02	2.08021e-02
3.47924e+02	2.08431e-02
3.48624e+02	2.08842e-02
3.49325e+02	2.09255e-02
3.50025e+02	2.09669e-02
3.50725e+02	2.10084e-02
3.51426e+02	2.10500e-02
3.52126e+02	2.10918e-02
3.52826e+02	2.11337e-02
3.53527e+02	2.11757e-02
3.54227e+02	2.12179e-02
3.54927e+02	2.12601e-02
3.55628e+02	2.13025e-02
3.56328e+02	2.13451e-02
3.57029e+02	2.13877e-02
3.57729e+02	2.14305e-02
3.58429e+02	2.14734e-02
3.59130e+02	2.15165e-02
3.59830e+02	2.15596e-02
3.60530e+02	2.16029e-02
3.61231e+02	2.16464e-02
3.61931e+02	2.16900e-02
3.62631e+02	2.17337e-02
3.63332e+02	2.17775e-02
3.64032e+02	2.18215e-02
3.64732e+02	2.18656e-02
3.65433e+02	2.19098e-02
3.66133e+02	2.19542e-02
3.66833e+02	2.19987e-02
3.67534e+02	2.20434e-02
3.68234e+02	2.20882e-02
3.68934e+02	2.21331e-02
3.69635e+02	2.21782e-02
3.70335e+02	2.22234e-02
3.71036e+02	2.22687e-02
3.71736e+02	2.23142e-02
3.72436e+02	2.23598e-02
3.73137e+02	2.24056e-02
3.73837e+02	2.24515e-02
3.74537e+02	2.24976e-02
3.75238e+02	2.25438e-02
3.75938e+02	2.25901e-02
3.76638e+02	2.26366e-02
3.77339e+02	2.26832e-02
3.78039e+02	2.27300e-02
3.78739e+02	2.27769e-02
3.79440e+02	2.28240e-02
3.80140e+02	2.28712e-02
3.80840e+02	2.29186e-02
3.81541e+02	2.29661e-02
3.82241e+02	2.30138e-02
3.82941e+02	2.30616e-02
3.83642e+02	2.31095e-02
3.84342e+02	2.31577e-02
3.85043e+02	2.32059e-02
3.85743e+02	2.32544e-02
3.86443e+02	2.33029e-02
3.87144e+02	2.33517e-02
3.87844e+02	2.34006e-02
3.88544e+02	2.34496e-02
3.89245e+02	2.34988e-02
3.89945e+02	2.35481e-02
3.90645e+02	2.35977e-02
3.91346e+02	2.36473e-02
3.92046e+02	2.36972e-02
3.92746e+02	2.37471e-02
3.93447e+02	2.37973e-02
3.94147e+02	2.38476e-02
3.94847e+02	2.38981e-02
3.95548e+02	2.39487e-02
3.96248e+02	2.39995e-02
3.96948e+02	2.40505e-02
3.97649e+02	2.41016e-02
3.98349e+02	2.41529e-02
3.99050e+02	2.42043e-02
3.99750e+02	2.42559e-02
4.00450e+02	2.43077e-02
4.01151e+02	2.43597e-02
4.01851e+02	2.44118e-02
4.02551e+02	2.44641e-02
4.03252e+02	2.45166e-02
4.03952e+02	2.45692e-02
4.04652e+02	2.46220e-02
4.05353e+02	2.46750e-02
4.06053e+02	2.47281e-02
4.06753e+02	2.47815e-02
4.07454e+02	2.48350e-02
4.08154e+02	2.48886e-02
4.08854e+02	2.49425e-02
4.09555e+02	2.49965e-02
4.10255e+02	2.50507e-02
4.10955e+02	2.51051e-02
4.11656e+02	2.51597e-02
4.12356e+02	2.52144e-02
4.13057e+02	2.52694e-02
4.13757e+02	2.53245e-02
4.14457e+02	2.53798e-02
4.15158e+02	2.54352e-02
4.15858e+02	2.54909e-02
4.16558e+02	2.55467e-02
4.17259e+02	2.56028e-02
4.17959e+02	2.56590e-02
4.18659e+02	2.57154e-02
4.19360e+02	2.57720e-02
4.20060e+02	2.58287e-02
4.20760e+02	2.58857e-02
4.21461e+02	2.59429e-02
4.22161e+02	2.60002e-02
4.22861e+02	2.60578e-02
4.23562e+02	2.61155e-02
4.24262e+02	2.61735e-02
4.24962e+02	2.62316e-02
4.25663e+02	2.62899e-02
4.26363e+02	2.63484e-02
4.27064e+02	2.64072e-02
4.27764e+02	2.64661e-02
4.28464e+02	2.65252e-02
4.29165e+02	2.65845e-02
4.29865e+02	2.66440e-02
4.30565e+02	2.67038e-02
4.31266e+02	2.67637e-02
4.31966e+02	2.68238e-02
4.32666e+02	2.68842e-02
4.33367e+02	2.69447e-02
4.34067e+02	2.70055e-02
4.34767e+02	2.70664e-02
4.35468e+02	2.71276e-02
4.36168e+02	2.71890e-02
4.36868e+02	2.72506e-02
4.37569e+02	2.73124e-02
4.38269e+02	2.73744e-02
4.38969e+02	2.74366e-02
4.39670e+02	2.74991e-02
4.40370e+02	2.75617e-02
4.41071e+02	2.76246e-02
4.41771e+02	2.76877e-02
4.42471e+02	2.77510e-02
4.43172e+02	2.78145e-02
4.43872e+02	2.78783e-02
4.44572e+02	2.79423e-02
4.45273e+02	2.80065e-02
4.45973e+02	2.80709e-02
4.46673e+02	2.81356e-02
4.47374e+02	2.82004e-02
4.48074e+02	2.82655e-02
4.48774e+02	2.83309e-02
4.49475e+02	2.83964e-02
4.50175e+02	2.84622e-02
4.50875e+02	2.85283e-02
4.51576e+02	2.85945e-02
4.52276e+02	2.86610e-02
4.52976e+02	2.87277e-02
4.53677e+02	2.87947e-02
4.54377e+02	2.88619e-02
4.55078e+02	2.89293e-02
4.55778e+02	2.89970e-02
4.56478e+02	2.90649e-02
4.57179e+02	2.91331e-02
4.57879e+02	2.92015e-02
4.58579e+02	2.92702e-02
4.59280e+02	2.93391e-02
4.59980e+02	2.94082e-02
4.60680e+02	2.94776e-02
4.61381e+02	2.95472e-02
4.62081e+02	2.96171e-02
4.62781e+02	2.96873e-02
4.63482e+02	2.97577e-02
4.64182e+02	2.98283e-02
4.64882e+02	2.98992e-02
4.65583e+02	2.99704e-02
4.66283e+02	3.00418e-02
4.66983e+02	3.01135e-02
4.67684e+02	3.01854e-02
4.68384e+02	3.02576e-02
4.69085e+02	3.03300e-02
4.69785e+02	3.04028e-02
4.70485e+02	3.04758e-02
4.71186e+02	3.05490e-02
4.71886e+02	3.06225e-02
4.72586e+02	3.06963e-02
4.73287e+02	3.07704e-02
4.73987e+02	3.08447e-02
4.74687e+02	3.09193e-02
4.75388e+02	3.09942e-02
4.76088e+02	3.10694e-02
4.76788e+02	3.11448e-02
4.77489e+02	3.12205e-02
4.78189e+02	3.12965e-02
4.78889e+02	3.13728e-02
4.79590e+02	3.14494e-02
4.80290e+02	3.15262e-02
4.80990e+02	3.16033e-02
4.81691e+02	3.16808e-02
4.82391e+02	3.17585e-02
4.83092e+02	3.18365e-02
4.83792e+02	3.19147e-02
4.84492e+02	3.19933e-02
4.85193e+02	3.20722e-02
4.85893e+02	3.21514e-02
4.86593e+02	3.22308e-02
4.87294e+02	3.23106e-02
4.87994e+02	3.23907e-02
4.88694e+02	3.24710e-02
4.89395e+02	3.25517e-02
4.90095e+02	3.26327e-02
4.90795e+02	3.27140e-02
4.91496e+02	3.27956e-02
4.92196e+02	3.28775e-02
4.92896e+02	3.29597e-02
4.93597e+02	3.30422e-02
4.94297e+02	3.31250e-02
4.94997e+02	3.32082e-02
4.95698e+02	3.32917e-02
4.96398e+02	3.33755e-02
4.97099e+02	3.34596e-02
4.97799e+02	3.35440e-02
4.98499e+02	3.36288e-02
4.99200e+02	3.37139e-02
4.99900e+02	3.37993e-02
5.00600e+02	3.38850e-02
5.01301e+02	3.39711e-02
5.02001e+02	3.40575e-02
5.02701e+02	3.41443e-02
5.03402e+02	3.42314e-02
5.04102e+02	3.43188e-02
5.04802e+02	3.44065e-02
5.05503e+02	3.44946e-02
5.06203e+02	3.45831e-02
5.06903e+02	3.46719e-02
5.07604e+02	3.47610e-02
5.08304e+02	3.48505e-02
5.09005e+02	3.49403e-02
5.09705e+02	3.50305e-02
5.10405e+02	3.51211e-02
5.11106e+02	3.52120e-02
5.11806e+02	3.53032e-02
5.12506e+02	3.53949e-02
5.13207e+02	3.54868e-02
5.13907e+02	3.55792e-02
5.14607e+02	3.56719e-02
5.15308e+02	3.57650e-02
5.16008e+02	3.58584e-02
5.16708e+02	3.59522e-02
5.17409e+02	3.60464e-02
5.18109e+02	3.61410e-02
5.18809e+02	3.62360e-02
5.19510e+02	3.63313e-02
5.20210e+02	3.64270e-02
5.20910e+02	3.65231e-02
5.21611e+02	3.66196e-02
5.22311e+02	3.67165e-02
5.23012e+02	3.68137e-02
5.23712e+02	3.69114e-02
5.24412e+02	3.70094e-02
5.25113e+02	3.71079e-02
5.25813e+02	3.72067e-02
5.26513e+02	3.73060e-02
5.27214e+02	3.74056e-02
5.27914e+02	3.75057e-02
5.28614e+02	3.76061e-02
5.29315e+02	3.77070e-02
5.30015e+02	3.78083e-02
5.30715e+02	3.79100e-02
5.31416e+02	3.80121e-02
5.32116e+02	3.81146e-02
5.32816e+02	3.82176e-02
5.33517e+02	3.83210e-02
5.34217e+02	3.84248e-02
5.34917e+02	3.85290e-02
5.35618e+02	3.86337e-02
5.36318e+02	3.87388e-02
5.37019e+02	3.88443e-02
5.37719e+02	3.89503e-02
5.38419e+02	3.90567e-02
5.39120e+02	3.91636e-02
5.39820e+02	3.92709e-02
5.40520e+02	3.93786e-02
5.41221e+02	3.94868e-02
5.41921e+02	3.95955e-02
5.42621e+02	3.97046e-02
5.43322e+02	3.98141e-02
5.44022e+02	3.99242e-02
5.44722e+02	4.00347e-02
5.45423e+02	4.01456e-02
5.46123e+02	4.02571e-02
5.46823e+02	4.03690e-02
5.47524e+02	4.04813e-02
5.48224e+02	4.05942e-02
5.48924e+02	4.07075e-02
5.49625e+02	4.08213e-02
5.50325e+02	4.09356e-02
5.51026e+02	4.10504e-02
5.51726e+02	4.11657e-02
5.52426e+02	4.12815e-02
5.53127e+02	4.13977e-02
5.53827e+02	4.15145e-02
5.54527e+02	4.16318e-02
5.55228e+02	4.17495e-02
5.55928e+02	4.18678e-02
5.56628e+02	4.19866e-02
5.57329e+02	4.21059e-02
5.58029e+02	4.22257e-02
5.58729e+02	4.23461e-02
5.59430e+02	4.24670e-02
5.60130e+02	4.25884e-02
5.60830e+02	4.27103e-02
5.61531e+02	4.28327e-02
5.62231e+02	4.29557e-02
5.62931e+02	4.30793e-02
5.63632e+02	4.32033e-02
5.64332e+02	4.33279e-02
5.65033e+02	4.34531e-02
5.65733e+02	4.35788e-02
5.66433e+02	4.37051e-02
5.67134e+02	4.38319e-02
5.67834e+02	4.39593e-02
5.68534e+02	4.40873e-02
5.69235e+02	4.42158e-02
5.69935e+02	4.43449e-02
5.70635e+02	4.44746e-02
5.71336e+02	4.46048e-02
5.72036e+02	4.47356e-02
5.72736e+02	4.48671e-02
5.73437e+02	4.49991e-02
5.74137e+02	4.51317e-02
5.74837e+02	4.52649e-02
5.75538e+02	4.53987e-02
5.76238e+02	4.55331e-02
5.76938e+02	4.56681e-02
5.77639e+02	4.58037e-02
5.78339e+02	4.59399e-02
5.79040e+02	4.60768e-02
5.79740e+02	4.62142e-02
5.80440e+02	4.63523e-02
5.81141e+02	4.64911e-02
5.81841e+02	4.66304e-02
5.82541e+02	4.67704e-02
5.83242e+02	4.69111e-02
5.83942e+02	4.70523e-02
5.84642e+02	4.71943e-02
5.85343e+02	4.73369e-02
5.86043e+02	4.74801e-02
5.86743e+02	4.76240e-02
5.87444e+02	4.77686e-02
5.88144e+02	4.79138e-02
5.88844e+02	4.80598e-02
5.89545e+02	4.82063e-02
5.90245e+02	4.83536e-02
5.90945e+02	4.85016e-02
5.91646e+02	4.86502e-02
5.92346e+02	4.87996e-02
5.93047e+02	4.89497e-02
5.93747e+02	4.91004e-02
5.94447e+02	4.92519e-02
5.95148e+02	4.94041e-02
5.95848e+02	4.95570e-02
5.96548e+02	4.97106e-02
5.97249e+02	4.98649e-02
5.97949e+02	5.00200e-02
5.98649e+02	5.01758e-02
5.99350e+02	5.03324e-02
6.00050e+02	5.04897e-02
6.00750e+02	5.06477e-02
6.01451e+02	5.08065e-02
6.02151e+02	5.09661e-02
6.02851e+02	5.11264e-02
6.03552e+02	5.12876e-02
6.04252e+02	5.14494e-02
6.04952e+02	5.16121e-02
6.05653e+02	5.17755e-02
6.06353e+02	5.19398e-02
6.07054e+02	5.21048e-02
6.07754e+02	5.22706e-02
6.08454e+02	5.24373e-02
6.09155e+02	5.26047e-02
6.09855e+02	5.27730e-02
6.10555e+02	5.29421e-02
6.11256e+02	5.31120e-02
6.11956e+02	5.32828e-02
6.12656e+02	5.34544e-02
6.13357e+02	5.36268e-02
6.14057e+02	5.38001e-02
6.14757e+02	5.39742e-02
6.15458e+02	5.41492e-02
6.16158e+02	5.43251e-02
6.16858e+02	5.45018e-02
6.17559e+02	5.46795e-02
6.18259e+02	5.48580e-02
6.18959e+02	5.50374e-02
6.19660e+02	5.52176e-02
6.20360e+02	5.53988e-02
6.21061e+02	5.55809e-02
6.21761e+02	5.57640e-02
6.22461e+02	5.59479e-02
6.23162e+02	5.61328e-02
6.23862e+02	5.63186e-02
6.24562e+02	5.65053e-02
6.25263e+02	5.66930e-02
6.25963e+02	5.68816e-02
6.26663e+02	5.70712e-02
6.27364e+02	5.72618e-02
6.28064e+02	5.74533e-02
6.28764e+02	5.76458e-02
6.29465e+02	5.78393e-02
6.30165e+02	5.80338e-02
6.30865e+02	5.82293e-02
6.31566e+02	5.84258e-02
6.32266e+02	5.86233e-02
6.32966e+02	5.88219e-02
6.33667e+02	5.90214e-02
6.34367e+02	5.92220e-02
6.35068e+02	5.94237e-02
6.35768e+02	5.96264e-02
6.36468e+02	5.98301e-02
6.37169e+02	6.00349e-02
6.37869e+02	6.02408e-02
6.38569e+02	6.04478e-02
6.39270e+02	6.06558e-02
6.39970e+02	6.08650e-02
6.40670e+02	6.10752e-02
6.41371e+02	6.12866e-02
6.42071e+02	6.14991e-02
6.42771e+02	6.17127e-02
6.43472e+02	6.19274e-02
6.44172e+02	6.21433e-02
6.44872e+02	6.23603e-02
6.45573e+02	6.25785e-02
6.46273e+02	6.27979e-02
6.46973e+02	6.30184e-02
6.47674e+02	6.32402e-02
6.48374e+02	6.34631e-02
6.49075e+02	6.36872e-02
6.49775e+02	6.39125e-02
6.50475e+02	6.41391e-02
6.51176e+02	6.43668e-02
6.51876e+02	6.45958e-02
6.52576e+02	6.48261e-02
6.53277e+02	6.50576e-02
6.53977e+02	6.52904e-02
6.54677e+02	6.55245e-02
6.55378e+02	6.57598e-02
6.56078e+02	6.59964e-02
6.56778e+02	6.62344e-02
6.57479e+02	6.64736e-02
6.58179e+02	6.67142e-02
6.58879e+02	6.69561e-02
6.59580e+02	6.71993e-02
6.60280e+02	6.74439e-02
6.60980e+02	6.76899e-02
6.61681e+02	6.79372e-02
6.62381e+02	6.81859e-02
6.63082e+02	6.84360e-02
6.63782e+02	6.86875e-02
6.64482e+02	6.89405e-02
6.65183e+02	6.91948e-02
6.65883e+02	6.94506e-02
6.66583e+02	6.97078e-02
6.67284e+02	6.99665e-02
6.67984e+02	7.02267e-02
6.68684e+02	7.04883e-02
6.69385e+02	7.07515e-02
6.70085e+02	7.10161e-02
6.70785e+02	7.12823e-02
6.71486e+02	7.15499e-02
6.72186e+02	7.18192e-02
6.72886e+02	7.20899e-02
6.73587e+02	7.23623e-02
6.74287e+02	7.26362e-02
6.74987e+02	7.29117e-02
6.75688e+02	7.31888e-02
6.76388e+02	7.34675e-02
6.77089e+02	7.37478e-02
6.77789e+02	7.40298e-02
6.78489e+02	7.43134e-02
6.79190e+02	7.45987e-02
6.79890e+02	7.48857e-02
6.80590e+02	7.51743e-02
6.81291e+02	7.54647e-02
6.81991e+02	7.57567e-02
6.82691e+02	7.60505e-02
6.83392e+02	7.63461e-02
6.84092e+02	7.66434e-02
6.84792e+02	7.69425e-02
6.85493e+02	7.72434e-02
6.86193e+02	7.75460e-02
6.86893e+02	7.78505e-02
6.87594e+02	7.81568e-02
6.88294e+02	7.84650e-02
6.88994e+02	7.87750e-02
6.89695e+02	7.90869e-02
6.90395e+02	7.94007e-02
6.91096e+02	7.97164e-02
6.91796e+02	8.00341e-02
6.92496e+02	8.03536e-02
6.93197e+02	8.06752e-02
6.93897e+02	8.09986e-02
6.94597e+02	8.13241e-02
6.95298e+02	8.16516e-02
6.95998e+02	8.19811e-02
6.96698e+02	8.23126e-02
6.97399e+02	8.26462e-02
6.98099e+02	8.29819e-02
6.98799e+02	8.33197e-02
6.99500e+02	8.36595e-02
7.00200e+02	8.40015e-02
7.00900e+02	8.43456e-02
7.01601e+02	8.46919e-02
7.02301e+02	8.50404e-02
7.03002e+02	8.53911e-02
7.03702e+02	8.57439e-02
7.04402e+02	8.60990e-02
7.05103e+02	8.64564e-02
7.05803e+02	8.68161e-02
7.06503e+02	8.71780e-02
7.07204e+02	8.75422e-02
7.07904e+02	8.79088e-02
7.08604e+02	8.82777e-02
7.09305e+02	8.86491e-02
7.10005e+02	8.90228e-02
7.10705e+02	8.93989e-02
7.11406e+02	8.97774e-02
7.12106e+02	9.01584e-02
7.12806e+02	9.05419e-02
7.13507e+02	9.09279e-02
7.14207e+02	9.13164e-02
7.14907e+02	9.17075e-02
7.15608e+02	9.21011e-02
7.16308e+02	9.24973e-02
7.17009e+02	9.28961e-02
7.17709e+02	9.32976e-02
7.18409e+02	9.37017e-02
7.19110e+02	9.41085e-02
7.19810e+02	9.45180e-02
7.20510e+02	9.49303e-02
7.21211e+02	9.53453e-02
7.21911e+02	9.57631e-02
7.22611e+02	9.61837e-02
7.23312e+02	9.66071e-02
7.24012e+02	9.70334e-02
7.24712e+02	9.74626e-02
7.25413e+02	9.78946e-02
7.26113e+02	9.83297e-02
7.26813e+02	9.87676e-02
7.27514e+02	9.92086e-02
7.28214e+02	9.96526e-02
7.28914e+02	1.00100e-01
7.29615e+02	1.00550e-01
7.30315e+02	1.01003e-01
7.31016e+02	1.01459e-01
7.31716e+02	1.01919e-01
7.32416e+02	1.02382e-01
7.33117e+02	1.02848e-01
7.33817e+02	1.03317e-01
7.34517e+02	1.03789e-01
7.35218e+02	1.04265e-01
7.35918e+02	1.04744e-01
7.36618e+02	1.05227e-01
7.37319e+02	1.05713e-01
7.38019e+02	1.06202e-01
7.38719e+02	1.06695e-01
7.39420e+02	1.07191e-01
7.40120e+02	1.07691e-01
7.40820e+02	1.08194e-01
7.41521e+02	1.08702e-01
7.42221e+02	1.09212e-01
7.42921e+02	1.09727e-01
7.43622e+02	1.10245e-01
7.44322e+02	1.10767e-01
7.45023e+02	1.11292e-01
7.45723e+02	1.11822e-01
7.46423e+02	1.12355e-01
7.47124e+02	1.12893e-01
7.47824e+02	1.13434e-01
7.48524e+02	1.13979e-01
7.49225e+02	1.14528e-01
7.49925e+02	1.15081e-01
7.50625e+02	1.15639e-01
7.51326e+02	1.16200e-01
7.52026e+02	1.16766e-01
7.52726e+02	1.17336e-01
7.53427e+02	1.17910e-01
7.54127e+02	1.18489e-01
7.54827e+02	1.19072e-01
7.55528e+02	1.19659e-01
7.56228e+02	1.20251e-01
7.56928e+02	1.20847e-01
7.57629e+02	1.21448e-01
7.58329e+02	1.22053e-01
7.59030e+02	1.22663e-01
7.59730e+02	1.23278e-01
7.60430e+02	1.23897e-01
7.61131e+02	1.24521e-01
7.61831e+02	1.25150e-01
7.62531e+02	1.25784e-01
7.63232e+02	1.26423e-01
7.63932e+02	1.27067e-01
7.64632e+02	1.27715e-01
7.65333e+02	1.28369e-01
7.66033e+02	1.29028e-01
7.66733e+02	1.29693e-01
7.67434e+02	1.30362e-01
7.68134e+02	1.31037e-01
7.68834e+02	1.31717e-01
7.69535e+02	1.32403e-01
7.70235e+02	1.33094e-01
7.70935e+02	1.33790e-01
7.71636e+02	1.34492e-01
7.72336e+02	1.35200e-01
7.73037e+02	1.35914e-01
7.73737e+02	1.36633e-01
7.74437e+02	1.37358e-01
7.75138e+02	1.38089e-01
7.75838e+02	1.38827e-01
7.76538e+02	1.39570e-01
7.77239e+02	1.40319e-01
7.77939e+02	1.41074e-01
7.78639e+02	1.41836e-01
7.79340e+02	1.42604e-01
7.80040e+02	1.43378e-01
7.80740e+02	1.44159e-01
7.81441e+02	1.44947e-01
7.82141e+02	1.45741e-01
7.82841e+02	1.46541e-01
7.83542e+02	1.47349e-01
7.84242e+02	1.48163e-01
7.84942e+02	1.48984e-01
7.85643e+02	1.49812e-01
7.86343e+02	1.50647e-01
7.87044e+02	1.51490e-01
7.87744e+02	1.52339e-01
7.88444e+02	1.53196e-01
7.89145e+02	1.54061e-01
7.89845e+02	1.54933e-01
7.90545e+02	1.55812e-01
7.91246e+02	1.56699e-01
7.91946e+02	1.57594e-01
7.92646e+02	1.58497e-01
7.93347e+02	1.59407e-01
7.94047e+02	1.60326e-01
7.94747e+02	1.61253e-01
7.95448e+02	1.62188e-01
7.96148e+02	1.63131e-01
7.96848e+02	1.64083e-01
7.97549e+02	1.65043e-01
7.98249e+02	1.66012e-01
7.98949e+02	1.66990e-01
7.99650e+02	1.67977e-01
8.00350e+02	1.68972e-01
8.01051e+02	1.69977e-01
8.01751e+02	1.70990e-01
8.02451e+02	1.72013e-01
8.03152e+02	1.73046e-01
8.03852e+02	1.74088e-01
8.04552e+02	1.75140e-01
8.05253e+02	1.76201e-01
8.05953e+02	1.77272e-01
8.06653e+02	1.78353e-01
8.07354e+02	1.79445e-01
8.08054e+02	1.80547e-01
8.08754e+02	1.81659e-01
8.09455e+02	1.82781e-01
8.10155e+02	1.83915e-01
8.10855e+02	1.85059e-01
8.11556e+02	1.86214e-01
8.12256e+02	1.87380e-01
8.12956e+02	1.88557e-01
8.13657e+02	1.89746e-01
8.14357e+02	1.90946e-01
8.15058e+02	1.92158e-01
8.15758e+02	1.93381e-01
8.16458e+02	1.94617e-01
8.17159e+02	1.95865e-01
8.17859e+02	1.97125e-01
8.18559e+02	1.98398e-01
8.19260e+02	1.99683e-01
8.19960e+02	2.00981e-01
8.20660e+02	2.02292e-01
8.21361e+02	2.03616e-01
8.22061e+02	2.04953e-01
8.22761e+02	2.06304e-01
8.23462e+02	2.07669e-01
8.24162e+02	2.09047e-01
8.24862e+02	2.10440e-01
8.25563e+02	2.11847e-01
8.26263e+02	2.13268e-01
8.26963e+02	2.14704e-01
8.27664e+02	2.16154e-01
8.28364e+02	2.17620e-01
8.29065e+02	2.19101e-01
8.29765e+02	2.20598e-01
8.30465e+02	2.22110e-01
8.31166e+02	2.23639e-01
8.31866e+02	2.25183e-01
8.32566e+02	2.26744e-01
8.33267e+02	2.28321e-01
8.33967e+02	2.29916e-01
8.34667e+02	2.31527e-01
8.35368e+02	2.33156e-01
8.36068e+02	2.34802e-01
8.36768e+02	2.36467e-01
8.37469e+02	2.38149e-01
8.38169e+02	2.39850e-01
8.38869e+02	2.41569e-01
8.39570e+02	2.43308e-01
8.40270e+02	2.45065e-01
8.40970e+02	2.46842e-01
8.41671e+02	2.48639e-01
8.42371e+02	2.50457e-01
8.43072e+02	2.52294e-01
8.43772e+02	2.54152e-01
8.44472e+02	2.56032e-01
8.45173e+02	2.57932e-01
8.45873e+02	2.59854e-01
8.46573e+02	2.61799e-01
8.47274e+02	2.63766e-01
8.47974e+02	2.65755e-01
8.48674e+02	2.67767e-01
8.49375e+02	2.69803e-01
8.50075e+02	2.71863e-01
8.50775e+02	2.73947e-01
8.51476e+02	2.76055e-01
8.52176e+02	2.78188e-01
8.52876e+02	2.80347e-01
8.53577e+02	2.82532e-01
8.54277e+02	2.84742e-01
8.54977e+02	2.86979e-01
8.55678e+02	2.89243e-01
8.56378e+02	2.91535e-01
8.57079e+02	2.93855e-01
8.57779e+02	2.96202e-01
8.58479e+02	2.98579e-01
8.59180e+02	3.00985e-01
8.59880e+02	3.03421e-01
8.60580e+02	3.05887e-01
8.61281e+02	3.08384e-01
8.61981e+02	3.10912e-01
8.62681e+02	3.13472e-01
8.63382e+02	3.16065e-01
8.64082e+02	3.18690e-01
8.64782e+02	3.21349e-01
8.65483e+02	3.24042e-01
8.66183e+02	3.26770e-01
8.66883e+02	3.29533e-01
8.67584e+02	3.32332e-01
8.68284e+02	3.35167e-01
8.68984e+02	3.38040e-01
8.69685e+02	3.40950e-01
8.70385e+02	3.43899e-01
8.71086e+02	3.46887e-01
8.71786e+02	3.49915e-01
8.72486e+02	3.52983e-01
8.73187e+02	3.56093e-01
8.73887e+02	3.59245e-01
8.74587e+02	3.62440e-01
8.75288e+02	3.65679e-01
8.75988e+02	3.68961e-01
8.76688e+02	3.72290e-01
8.77389e+02	3.75664e-01
8.78089e+02	3.79085e-01
8.78789e+02	3.82554e-01
8.79490e+02	3.86072e-01
8.80190e+02	3.89640e-01
8.80890e+02	3.93258e-01
8.81591e+02	3.96928e-01
8.82291e+02	4.00650e-01
8.82991e+02	4.04426e-01
8.83692e+02	4.08257e-01
8.84392e+02	4.12143e-01
8.85093e+02	4.16086e-01
8.85793e+02	4.20088e-01
8.86493e+02	4.24148e-01
8.87194e+02	4.28268e-01
8.87894e+02	4.32450e-01
8.88594e+02	4.36695e-01
8.89295e+02	4.41003e-01
8.89995e+02	4.45377e-01
8.90695e+02	4.49817e-01
8.91396e+02	4.54326e-01
8.92096e+02	4.58903e-01
8.92796e+02	4.63552e-01
8.93497e+02	4.68272e-01
8.94197e+02	4.73067e-01
8.94897e+02	4.77937e-01
8.95598e+02	4.82884e-01
8.96298e+02	4.87909e-01
8.96998e+02	4.93015e-01
8.97699e+02	4.98202e-01
8.98399e+02	5.03473e-01
8.99100e+02	5.08830e-01
8.99800e+02	5.14275e-01
9.00500e+02	5.19808e-01
9.01201e+02	5.25433e-01
9.01901e+02	5.31152e-01
9.02601e+02	5.36966e-01
9.03302e+02	5.42877e-01
9.04002e+02	5.48888e-01
9.04702e+02	5.55002e-01
9.05403e+02	5.61220e-01
9.06103e+02	5.67544e-01
9.06803e+02	5.73978e-01
9.07504e+02	5.80524e-01
9.08204e+02	5.87184e-01
9.08904e+02	5.93961e-01
9.09605e+02	6.00859e-01
9.10305e+02	6.07879e-01
9.11006e+02	6.15025e-01
9.11706e+02	6.22299e-01
9.12406e+02	6.29705e-01
9.13107e+02	6.37247e-01
9.13807e+02	6.44927e-01
9.14507e+02	6.52749e-01
9.15208e+02	6.60716e-01
9.15908e+02	6.68832e-01
9.16608e+02	6.77100e-01
9.17309e+02	6.85526e-01
9.18009e+02	6.94112e-01
9.18709e+02	7.02863e-01
9.19410e+02	7.11782e-01
9.20110e+02	7.20875e-01
9.20810e+02	7.30146e-01
9.21511e+02	7.39600e-01
9.22211e+02	7.49241e-01
9.22911e+02	7.59074e-01
9.23612e+02	7.69105e-01
9.24312e+02	7.79339e-01
9.25013e+02	7.89781e-01
9.25713e+02	8.00437e-01
9.26413e+02	8.11314e-01
9.27114e+02	8.22417e-01
9.27814e+02	8.33752e-01
9.28514e+02	8.45326e-01
9.29215e+02	8.57146e-01
9.29915e+02	8.69219e-01
9.30615e+02	8.81551e-01
9.31316e+02	8.94152e-01
9.32016e+02	9.07028e-01
9.32716e+02	9.20187e-01
9.33417e+02	9.33639e-01
9.34117e+02	9.47391e-01
9.34817e+02	9.61453e-01
9.35518e+02	9.75833e-01
9.36218e+02	9.90543e-01
9.36918e+02	1.00559e+00
9.37619e+02	1.02099e+00
9.38319e+02	1.03675e+00
9.39020e+02	1.05288e+00
9.39720e+02	1.06939e+00
9.40420e+02	1.08630e+00
9.41121e+02	1.10361e+00
9.41821e+02	1.12135e+00
9.42521e+02	1.13953e+00
9.43222e+02	1.15815e+00
9.43922e+02	1.17724e+00
9.44622e+02	1.19681e+00
9.45323e+02	1.21687e+00
9.46023e+02	1.23745e+00
9.46723e+02	1.25856e+00
9.47424e+02	1.28021e+00
9.48124e+02	1.30244e+00
9.48824e+02	1.32526e+00
9.49525e+02	1.34868e+00
9.50225e+02	1.37274e+00
9.50925e+02	1.39745e+00
9.51626e+02	1.42284e+00
9.52326e+02	1.44893e+00
9.53027e+02	1.47575e+00
9.53727e+02	1.50332e+00
9.54427e+02	1.53168e+00
9.55128e+02	1.56086e+00
9.55828e+02	1.59088e+00
9.56528e+02	1.62179e+00
9.57229e+02	1.65360e+00
9.57929e+02	1.68637e+00
9.58629e+02	1.72012e+00
9.59330e+02	1.75491e+00
9.60030e+02	1.79076e+00
9.60730e+02	1.82772e+00
9.61431e+02	1.86585e+00
9.62131e+02	1.90519e+00
9.62831e+02	1.94578e+00
9.63532e+02	1.98770e+00
9.64232e+02	2.03098e+00
9.64932e+02	2.07569e+00
9.65633e+02	2.12190e+00
9.66333e+02	2.16968e+00
9.67034e+02	2.21908e+00
9.67734e+02	2.27020e+00
9.68434e+02	2.32310e+00
9.69135e+02	2.37787e+00
9.69835e+02	2.43459e+00
9.70535e+02	2.49337e+00
9.71236e+02	2.55431e+00
9.71936e+02	2.61749e+00
9.72636e+02	2.68305e+00
9.73337e+02	2.75109e+00
9.74037e+02	2.82175e+00
9.74737e+02	2.89515e+00
9.75438e+02	2.97145e+00
9.76138e+02	3.05078e+00
9.76838e+02	3.13332e+00
9.77539e+02	3.21923e+00
9.78239e+02	3.30870e+00
9.78939e+02	3.40192e+00
9.79640e+02	3.49912e+00
9.80340e+02	3.60050e+00
9.81041e+02	3.70632e+00
9.81741e+02	3.81682e+00
9.82441e+02	3.93229e+00
9.83142e+02	4.05302e+00
9.83842e+02	4.17933e+00
9.84542e+02	4.31156e+00
9.85243e+02	4.45009e+00
9.85943e+02	4.59531e+00
9.86643e+02	4.74764e+00
9.87344e+02	4.90755e+00
9.88044e+02	5.07555e+00
9.88744e+02	5.25216e+00
9.89445e+02	5.43797e+00
9.90145e+02	5.63363e+00
9.90845e+02	5.83980e+00
9.91546e+02	6.05725e+00
9.92246e+02	6.28678e+00
9.92946e+02	6.52927e+00
9.93647e+02	6.78569e+00
9.94347e+02	7.05709e+00
9.95048e+02	7.34460e+00
9.95748e+02	7.64949e+00
9.96448e+02	7.97312e+00
9.97149e+02	8.31699e+00
9.97849e+02	8.68276e+00
9.98549e+02	9.07221e+00
9.99250e+02	9.48735e+00
9.99950e+02	9.93035e+00
1.00065e+03	1.04036e+01
1.00135e+03	1.09098e+01
1.00205e+03	1.14518e+01
1.00275e+03	1.20329e+01
1.00345e+03	1.26566e+01
1.00415e+03	1.33269e+01
1.00485e+03	1.40480e+01
1.00555e+03	1.48248e+01
1.00625e+03	1.56626e+01
1.00695e+03	1.65672e+01
1.00765e+03	1.75450e+01
1.00835e+03	1.86031e+01
1.00905e+03	1.97491e+01
1.00975e+03	2.09916e+01
1.01046e+03	2.23395e+01
1.01116e+03	2.38029e+01
1.01186e+03	2.53920e+01
1.01256e+03	2.71180e+01
1.01326e+03	2.89922e+01
1.01396e+03	3.10259e+01
1.01466e+03	3.32302e+01
1.01536e+03	3.56149e+01
1.01606e+03	3.81881e+01
1.01676e+03	4.09546e+01
1.01746e+03	4.39144e+01
1.01816e+03	4.70609e+01
1.01886e+03	5.03782e+01
1.01956e+03	5.38389e+01
1.02026e+03	5.74008e+01
1.02096e+03	6.10047e+01
1.02166e+03	6.45727e+01
1.02236e+03	6.80081e+01
1.02306e+03	7.11982e+01
1.02376e+03	7.40195e+01
1.02446e+03	7.63467e+01
1.02516e+03	7.80649e+01
1.02586e+03	7.90819e+01
1.02656e+03	7.93405e+01
1.02726e+03	7.88256e+01
1.02796e+03	7.75668e+01
1.02866e+03	7.56344e+01
1.02936e+03	7.31294e+01
1.03007e+03	7.01717e+01
1.03077e+03	6.68870e+01
1.03147e+03	6.33961e+01
1.03217e+03	5.98069e+01
1.03287e+03	5.62100e+01
1.03357e+03	5.26768e+01
1.03427e+03	4.92607e+01
1.03497e+03	4.59986e+01
1.03567e+03	4.29138e+01
1.03637e+03	4.00188e+01
1.03707e+03	3.73178e+01
1.03777e+03	3.48088e+01
1.03847e+03	3.24859e+01
1.03917e+03	3.03404e+01
1.03987e+03	2.83618e+01
1.04057e+03	2.65390e+01
1.04127e+03	2.48606e+01
1.04197e+03	2.33153e+01
1.04267e+03	2.18922e+01
1.04337e+03	2.05812e+01
1.04407e+03	1.93726e+01
1.04477e+03	1.82574e+01
1.04547e+03	1.72277e+01
1.04617e+03	1.62757e+01
1.04687e+03	1.53948e+01
1.04757e+03	1.45786e+01
1.04827e+03	1.38216e+01
1.04897e+03	1.31186e+01
1.04967e+03	1.24650e+01
1.05038e+03	1.18566e+01
1.05108e+03	1.12896e+01
1.05178e+03	1.07606e+01
1.05248e+03	1.02664e+01
1.05318e+03	9.80419e+00
1.05388e+03	9.37143e+00
1.05458e+03	8.96579e+00
1.05528e+03	8.58514e+00
1.05598e+03	8.22757e+00
1.05668e+03	7.89133e+00
1.05738e+03	7.57482e+00
1.05808e+03	7.27658e+00
1.05878e+03	6.99529e+00
1.05948e+03	6.72972e+00
1.06018e+03	6.47878e+00
1.06088e+03	6.24143e+00
1.06158e+03	6.01675e+00
1.06228e+03	5.80388e+00
1.06298e+03	5.60203e+00
1.06368e+03	5.41047e+00
1.06438e+03	5.22853e+00
1.06508e+03	5.05560e+00
1.06578e+03	4.89111e+00
1.06648e+03	4.73453e+00
1.06718e+03	4.58537e+00
1.06788e+03	4.44320e+00
1.06858e+03	4.30758e+00
1.06928e+03	4.17813e+00
1.06998e+03	4.05449e+00
1.07069e+03	3.93633e+00
1.07139e+03	3.82333e+00
1.07209e+03	3.71521e+00
1.07279e+03	3.61170e+00
1.07349e+03	3.51254e+00
1.07419e+03	3.41750e+00
1.07489e+03	3.32636e+00
1.07559e+03	3.23891e+00
1.07629e+03	3.15497e+00
1.07699e+03	3.07434e+00
1.07769e+03	2.99688e+00
1.07839e+03	2.92240e+00
1.07909e+03	2.85078e+00
1.07979e+03	2.78186e+00
1.08049e+03	2.71552e+00
1.08119e+03	2.65163e+00
1.08189e+03	2.59008e+00
1.08259e+03	2.53076e+00
1.08329e+03	2.47356e+00
1.08399e+03	2.41839e+00
1.08469e+03	2.36515e+00
1.08539e+03	2.31377e+00
1.08609e+03	2.26415e+00
1.08679e+03	2.21622e+00
1.08749e+03	2.16991e+00
1.08819e+03	2.12514e+00
1.08889e+03	2.08186e+00
1.08959e+03	2.04000e+00
1.09030e+03	1.99950e+00
1.09100e+03	1.96030e+00
1.09170e+03	1.92235e+00
1.09240e+03	1.88561e+00
1.09310e+03	1.85002e+00
1.09380e+03	1.81554e+00
1.09450e+03	1.78213e+00
1.09520e+03	1.74974e+00
1.09590e+03	1.71833e+00
1.09660e+03	1.68788e+00
1.09730e+03	1.65833e+00
1.09800e+03	1.62966e+00
1.09870e+03	1.60185e+00
1.09940e+03	1.57484e+00
1.10010e+03	1.54862e+00
1.10080e+03	1.52317e+00
1.10150e+03	1.49844e+00
1.10220e+03	1.47442e+00
1.10290e+03	1.45108e+00
1.10360e+03	1.42840e+00
1.10430e+03	1.40636e+00
1.10500e+03	1.38493e+00
1.10570e+03	1.36410e+00
1.10640e+03	1.34384e+00
1.10710e+03	1.32414e+00
1.10780e+03	1.30498e+00
1.10850e+03	1.28634e+00
1.10920e+03	1.26820e+00
1.10990e+03	1.25056e+00
1.11061e+03	1.23339e+00
1.11131e+03	1.21668e+00
1.11201e+03	1.20041e+00
1.11271e+03	1.18458e+00
1.11341e+03	1.16917e+00
1.11411e+03	1.15416e+00
1.11481e+03	1.13956e+00
1.11551e+03	1.12534e+00
1.11621e+03	1.11149e+00
1.11691e+03	1.09800e+00
1.11761e+03	1.08487e+00
1.11831e+03	1.07209e+00
1.11901e+03	1.05964e+00
1.11971e+03	1.04751e+00
1.12041e+03	1.03570e+00
1.12111e+03	1.02420e+00
1.12181e+03	1.01301e+00
1.12251e+03	1.00210e+00
1.12321e+03	9.91488e-01
1.12391e+03	9.81151e-01
1.12461e+03	9.71087e-01
1.12531e+03	9.61289e-01
1.12601e+03	9.51752e-01
1.12671e+03	9.42469e-01
1.12741e+03	9.33434e-01
1.12811e+03	9.24643e-01
1.12881e+03	9.16089e-01
1.12951e+03	9.07767e-01
1.13022e+03	8.99674e-01
1.13092e+03	8.91803e-01
1.13162e+03	8.84151e-01
1.13232e+03	8.76712e-01
1.13302e+03	8.69484e-01
1.13372e+03	8.62462e-01
1.13442e+03	8.55642e-01
1.13512e+03	8.49020e-01
1.13582e+03	8.42594e-01
1.13652e+03	8.36359e-01
1.13722e+03	8.30312e-01
1.13792e+03	8.24451e-01
1.13862e+03	8.18772e-01
1.13932e+03	8.13272e-01
1.14002e+03	8.07949e-01
1.14072e+03	8.02801e-01
1.14142e+03	7.97825e-01
1.14212e+03	7.93018e-01
1.14282e+03	7.88379e-01
1.14352e+03	7.83905e-01
1.14422e+03	7.79594e-01
1.14492e+03	7.75445e-01
1.14562e+03	7.71456e-01
1.14632e+03	7.67625e-01
1.14702e+03	7.63951e-01
1.14772e+03	7.60432e-01
1.14842e+03	7.57067e-01
1.14912e+03	7.53855e-01
1.14982e+03	7.50795e-01
1.15053e+03	7.47885e-01
1.15123e+03	7.45125e-01
1.15193e+03	7.42514e-01
1.15263e+03	7.40052e-01
1.15333e+03	7.37737e-01
1.15403e+03	7.35570e-01
1.15473e+03	7.33549e-01
1.15543e+03	7.31675e-01
1.15613e+03	7.29948e-01
1.15683e+03	7.28366e-01
1.15753e+03	7.26931e-01
1.15823e+03	7.25643e-01
1.15893e+03	7.24500e-01
1.15963e+03	7.23505e-01
1.16033e+03	7.22657e-01
1.16103e+03	7.21957e-01
1.16173e+03	7.21405e-01
1.16243e+03	7.21002e-01
1.16313e+03	7.20749e-01
1.16383e+03	7.20648e-01
1.16453e+03	7.20698e-01
1.16523e+03	7.20901e-01
1.16593e+03	7.21259e-01
1.16663e+03	7.21773e-01
1.16733e+03	7.22444e-01
1.16803e+03	7.23274e-01
1.16873e+03	7.24265e-01
1.16943e+03	7.25419e-01
1.17014e+03	7.26738e-01
1.17084e+03	7.28224e-01
1.17154e+03	7.29880e-01
1.17224e+03	7.31708e-01
1.17294e+03	7.33710e-01
1.17364e+03	7.35890e-01
1.17434e+03	7.38250e-01
1.17504e+03	7.40794e-01
1.17574e+03	7.43526e-01
1.17644e+03	7.46448e-01
1.17714e+03	7.49564e-01
1.17784e+03	7.52879e-01
1.17854e+03	7.56396e-01
1.17924e+03	7.60120e-01
1.17994e+03	7.64055e-01
1.18064e+03	7.68207e-01
1.18134e+03	7.72581e-01
1.18204e+03	7.77181e-01
1.18274e+03	7.82014e-01
1.18344e+03	7.87085e-01
1.18414e+03	7.92400e-01
1.18484e+03	7.97967e-01
1.18554e+03	8.03792e-01
1.18624e+03	8.09882e-01
1.18694e+03	8.16245e-01
1.18764e+03	8.22888e-01
1.18834e+03	8.29821e-01
1.18904e+03	8.37051e-01
1.18974e+03	8.44589e-01
1.19045e+03	8.52443e-01
1.19115e+03	8.60624e-01
1.19185e+03	8.69143e-01
1.19255e+03	8.78011e-01
1.19325e+03	8.87239e-01
1.19395e+03	8.96840e-01
1.19465e+03	9.06828e-01
1.19535e+03	9.17216e-01
1.19605e+03	9.28017e-01
1.19675e+03	9.39249e-01
1.19745e+03	9.50926e-01
1.19815e+03	9.63066e-01
1.19885e+03	9.75686e-01
1.19955e+03	9.88805e-01
1.20025e+03	1.00244e+00
1.20095e+03	1.01662e+00
1.20165e+03	1.03136e+00
1.20235e+03	1.04669e+00
1.20305e+03	1.06262e+00
1.20375e+03	1.07919e+00
1.20445e+03	1.09642e+00
1.20515e+03	1.11435e+00
1.20585e+03	1.13300e+00
1.20655e+03	1.15240e+00
1.20725e+03	1.17260e+00
1.20795e+03	1.19362e+00
1.20865e+03	1.21551e+00
1.20935e+03	1.23830e+00
1.21006e+03	1.26205e+00
1.21076e+03	1.28679e+00
1.21146e+03	1.31258e+00
1.21216e+03	1.33947e+00
1.21286e+03	1.36752e+00
1.21356e+03	1.39678e+00
1.21426e+03	1.42732e+00
1.21496e+03	1.45921e+00
1.21566e+03	1.49251e+00
1.21636e+03	1.52732e+00
1.21706e+03	1.56371e+00
1.21776e+03	1.60176e+00
1.21846e+03	1.64158e+00
1.21916e+03	1.68327e+00
1.21986e+03	1.72694e+00
1.22056e+03	1.77270e+00
1.22126e+03	1.82068e+00
1.22196e+03	1.87102e+00
1.22266e+03	1.92386e+00
1.22336e+03	1.97937e+00
1.22406e+03	2.03770e+00
1.22476e+03	2.09906e+00
1.22546e+03	2.16363e+00
1.22616e+03	2.23163e+00
1.22686e+03	2.30329e+00
1.22756e+03	2.37887e+00
1.22826e+03	2.45865e+00
1.22896e+03	2.54291e+00
1.22966e+03	2.63199e+00
1.23037e+03	2.72624e+00
1.23107e+03	2.82604e+00
1.23177e+03	2.93182e+00
1.23247e+03	3.04403e+00
1.23317e+03	3.16318e+00
1.23387e+03	3.28981e+00
1.23457e+03	3.42454e+00
1.23527e+03	3.56801e+00
1.23597e+03	3.72097e+00
1.23667e+03	3.88420e+00
1.23737e+03	4.05859e+00
1.23807e+03	4.24510e+00
1.23877e+03	4.44481e+00
1.23947e+03	4.65889e+00
1.24017e+03	4.88864e+00
1.24087e+03	5.13550e+00
1.24157e+03	5.40105e+00
1.24227e+03	5.68705e+00
1.24297e+03	5.99543e+00
1.24367e+03	6.32831e+00
1.24437e+03	6.68805e+00
1.24507e+03	7.07724e+00
1.24577e+03	7.49869e+00
1.24647e+03	7.95552e+00
1.24717e+03	8.45109e+00
1.24787e+03	8.98903e+00
1.24857e+03	9.57325e+00
1.24927e+03	1.02079e+01
1.24997e+03	1.08972e+01
1.25068e+03	1.16456e+01
1.25138e+03	1.24573e+01
1.25208e+03	1.33365e+01
1.25278e+03	1.42865e+01
1.25348e+03	1.53099e+01
1.25418e+03	1.64076e+01
1.25488e+03	1.75783e+01
1.25558e+03	1.88179e+01
1.25628e+03	2.01181e+01
1.25698e+03	2.14654e+01
1.25768e+03	2.28405e+01
1.25838e+03	2.42169e+01
1.25908e+03	2.55610e+01
1.25978e+03	2.68322e+01
1.26048e+03	2.79849e+01
1.26118e+03	2.89710e+01
1.26188e+03	2.97439e+01
1.26258e+03	3.02635e+01
1.26328e+03	3.05012e+01
1.26398e+03	3.04432e+01
1.26468e+03	3.00928e+01
1.26538e+03	2.94699e+01
1.26608e+03	2.86081e+01
1.26678e+03	2.75505e+01
1.26748e+03	2.63448e+01
1.26818e+03	2.50387e+01
1.26888e+03	2.36761e+01
1.26958e+03	2.22950e+01
1.27029e+03	2.09262e+01
1.27099e+03	1.95934e+01
1.27169e+03	1.83136e+01
1.27239e+03	1.70980e+01
1.27309e+03	1.59534e+01
1.27379e+03	1.48826e+01
1.27449e+03	1.38860e+01
1.27519e+03	1.29620e+01
1.27589e+03	1.21075e+01
1.27659e+03	1.13190e+01
1.27729e+03	1.05921e+01
1.27799e+03	9.92269e+00
1.27869e+03	9.30628e+00
1.27939e+03	8.73864e+00
1.28009e+03	8.21575e+00
1.28079e+03	7.73380e+00
1.28149e+03	7.28925e+00
1.28219e+03	6.87885e+00
1.28289e+03	6.49959e+00
1.28359e+03	6.14875e+00
1.28429e+03	5.82383e+00
1.28499e+03	5.52257e+00
1.28569e+03	5.24291e+00
1.28639e+03	4.98300e+00
1.28709e+03	4.74115e+00
1.28779e+03	4.51582e+00
1.28849e+03	4.30565e+00
1.28919e+03	4.10938e+00
1.28989e+03	3.92586e+00
1.29060e+03	3.75409e+00
1.29130e+03	3.59311e+00
1.29200e+03	3.44209e+00
1.29270e+03	3.30025e+00
1.29340e+03	3.16690e+00
1.29410e+03	3.04138e+00
1.29480e+03	2.92313e+00
1.29550e+03	2.81161e+00
1.29620e+03	2.70633e+00
1.29690e+03	2.60685e+00
1.29760e+03	2.51276e+00
1.29830e+03	2.42369e+00
1.29900e+03	2.33930e+00
1.29970e+03	2.25927e+00
1.30040e+03	2.18331e+00
1.30110e+03	2.11117e+00
1.30180e+03	2.04258e+00
1.30250e+03	1.97733e+00
1.30320e+03	1.91521e+00
1.30390e+03	1.85601e+00
1.30460e+03	1.79958e+00
1.30530e+03	1.74573e+00
1.30600e+03	1.69431e+00
1.30670e+03	1.64519e+00
1.30740e+03	1.59822e+00
1.30810e+03	1.55329e+00
1.30880e+03	1.51028e+00
1.30950e+03	1.46908e+00
1.31021e+03	1.42960e+00
1.31091e+03	1.39174e+00
1.31161e+03	1.35541e+00
1.31231e+03	1.32054e+00
1.31301e+03	1.28704e+00
1.31371e+03	1.25484e+00
1.31441e+03	1.22389e+00
1.31511e+03	1.19411e+00
1.31581e+03	1.16545e+00
1.31651e+03	1.13785e+00
1.31721e+03	1.11127e+00
1.31791e+03	1.08564e+00
1.31861e+03	1.06093e+00
1.31931e+03	1.03710e+00
1.32001e+03	1.01409e+00
1.32071e+03	9.91882e-01
1.32141e+03	9.70430e-01
1.32211e+03	9.49701e-01
1.32281e+03	9.29664e-01
1.32351e+03	9.10287e-01
1.32421e+03	8.91542e-01
1.32491e+03	8.73402e-01
1.32561e+03	8.55841e-01
1.32631e+03	8.38834e-01
1.32701e+03	8.22358e-01
1.32771e+03	8.06391e-01
1.32841e+03	7.90912e-01
1.32911e+03	7.75902e-01
1.32981e+03	7.61341e-01
1.33052e+03	7.47212e-01
1.33122e+03	7.33497e-01
1.33192e+03	7.20180e-01
1.33262e+03	7.07246e-01
1.33332e+03	6.94681e-01
1.33402e+03	6.82469e-01
1.33472e+03	6.70599e-01
1.33542e+03	6.59056e-01
1.33612e+03	6.47830e-01
1.33682e+03	6.36908e-01
1.33752e+03	6.26279e-01
1.33822e+03	6.15933e-01
1.33892e+03	6.05860e-01
1.33962e+03	5.96050e-01
1.34032e+03	5.86494e-01
1.34102e+03	5.77183e-01
1.34172e+03	5.68109e-01
1.34242e+03	5.59263e-01
1.34312e+03	5.50638e-01
1.34382e+03	5.42227e-01
1.34452e+03	5.34021e-01
1.34522e+03	5.26016e-01
1.34592e+03	5.18203e-01
1.34662e+03	5.10577e-01
1.34732e+03	5.03131e-01
1.34802e+03	4.95861e-01
1.34872e+03	4.88760e-01
1.34942e+03	4.81822e-01
1.35013e+03	4.75044e-01
1.35083e+03	4.68420e-01
1.35153e+03	4.61945e-01
1.35223e+03	4.55615e-01
1.35293e+03	4.49425e-01
1.35363e+03	4.43371e-01
1.35433e+03	4.37450e-01
1.35503e+03	4.31656e-01
1.35573e+03	4.25987e-01
1.35643e+03	4.20439e-01
1.35713e+03	4.15008e-01
1.35783e+03	4.09691e-01
1.35853e+03	4.04485e-01
1.35923e+03	3.99386e-01
1.35993e+03	3.94392e-01
1.36063e+03	3.89500e-01
1.36133e+03	3.84706e-01
1.36203e+03	3.80008e-01
1.36273e+03	3.75404e-01
1.36343e+03	3.70891e-01
1.36413e+03	3.66467e-01
1.36483e+03	3.62128e-01
1.36553e+03	3.57873e-01
1.36623e+03	3.53700e-01
1.36693e+03	3.49607e-01
1.36763e+03	3.45591e-01
1.36833e+03	3.41650e-01
1.36903e+03	3.37783e-01
1.36973e+03	3.33988e-01
1.37044e+03	3.30262e-01
1.37114e+03	3.26604e-01
1.37184e+03	3.23013e-01
1.37254e+03	3.19487e-01
1.37324e+03	3.16023e-01
1.37394e+03	3.12621e-01
1.37464e+03	3.09280e-01
1.37534e+03	3.05997e-01
1.37604e+03	3.02771e-01
1.37674e+03	2.99601e-01
1.37744e+03	2.96485e-01
1.37814e+03	2.93423e-01
1.37884e+03	2.90412e-01
1.37954e+03	2.87453e-01
1.38024e+03	2.84543e-01
1.38094e+03	2.81681e-01
1.38164e+03	2.78867e-01
1.38234e+03	2.76099e-01
1.38304e+03	2.73376e-01
1.38374e+03	2.70698e-01
1.38444e+03	2.68063e-01
1.38514e+03	2.65470e-01
1.38584e+03	2.62918e-01
1.38654e+03	2.60407e-01
1.38724e+03	2.57935e-01
1.38794e+03	2.55502e-01
1.38864e+03	2.53107e-01
1.38934e+03	2.50749e-01
1.39005e+03	2.48427e-01
1.39075e+03	2.46140e-01
1.39145e+03	2.43888e-01
1.39215e+03	2.41671e-01
1.39285e+03	2.39486e-01
1.39355e+03	2.37334e-01
1.39425e+03	2.35214e-01
1.39495e+03	2.33126e-01
1.39565e+03	2.31068e-01
1.39635e+03	2.29040e-01
1.39705e+03	2.27041e-01
1.39775e+03	2.25071e-01
1.39845e+03	2.23130e-01
1.39915e+03	2.21216e-01
1.39985e+03	2.19329e-01
1.40055e+03	2.17469e-01
1.40125e+03	2.15635e-01
1.40195e+03	2.13826e-01
1.40265e+03	2.12043e-01
1.40335e+03	2.10284e-01
1.40405e+03	2.08549e-01
1.40475e+03	2.06838e-01
1.40545e+03	2.05150e-01
1.40615e+03	2.03485e-01
1.40685e+03	2.01843e-01
1.40755e+03	2.00222e-01
1.40825e+03	1.98623e-01
1.40895e+03	1.97045e-01
1.40965e+03	1.95487e-01
1.41036e+03	1.93950e-01
1.41106e+03	1.92433e-01
1.41176e+03	1.90936e-01
1.41246e+03	1.89458e-01
1.41316e+03	1.87999e-01
1.41386e+03	1.86558e-01
1.41456e+03	1.85136e-01
1.41526e+03	1.83732e-01
1.41596e+03	1.82345e-01
1.41666e+03	1.80976e-01
1.41736e+03	1.79623e-01
1.41806e+03	1.78288e-01
1.41876e+03	1.76968e-01
1.41946e+03	1.75665e-01
1.42016e+03	1.74378e-01
1.42086e+03	1.73107e-01
1.42156e+03	1.71851e-01
1.42226e+03	1.70609e-01
1.42296e+03	1.69383e-01
1.42366e+03	1.68172e-01
1.42436e+03	1.66974e-01
1.42506e+03	1.65791e-01
1.42576e+03	1.64622e-01
1.42646e+03	1.63466e-01
1.42716e+03	1.62324e-01
1.42786e+03	1.61195e-01
1.42856e+03	1.60078e-01
1.42926e+03	1.58975e-01
1.42996e+03	1.57884e-01
1.43067e+03	1.56806e-01
1.43137e+03	1.55740e-01
1.43207e+03	1.54686e-01
1.43277e+03	1.53643e-01
1.43347e+03	1.52613e-01
1.43417e+03	1.51593e-01
1.43487e+03	1.50585e-01
1.43557e+03	1.49588e-01
1.43627e+03	1.48602e-01
1.43697e+03	1.47627e-01
1.43767e+03	1.46662e-01
1.43837e+03	1.45708e-01
1.43907e+03	1.44764e-01
1.43977e+03	1.43830e-01
1.44047e+03	1.42906e-01
1.44117e+03	1.41992e-01
1.44187e+03	1.41088e-01
1.44257e+03	1.40193e-01
1.44327e+03	1.39307e-01
1.44397e+03	1.38431e-01
1.44467e+03	1.37563e-01
1.44537e+03	1.36705e-01
1.44607e+03	1.35856e-01
1.44677e+03	1.35015e-01
1.44747e+03	1.34183e-01
1.44817e+03	1.33359e-01
1.44887e+03	1.32544e-01
1.44957e+03	1.31737e-01
1.45028e+03	1.30938e-01
1.45098e+03	1.30147e-01
1.45168e+03	1.29364e-01
1.45238e+03	1.28589e-01
1.45308e+03	1.27821e-01
1.45378e+03	1.27061e-01
1.45448e+03	1.26308e-01
1.45518e+03	1.25563e-01
1.45588e+03	1.24825e-01
1.45658e+03	1.24094e-01
1.45728e+03	1.23370e-01
1.45798e+03	1.22653e-01
1.45868e+03	1.21943e-01
1.45938e+03	1.21240e-01
1.46008e+03	1.20544e-01
1.46078e+03	1.19854e-01
1.46148e+03	1.19170e-01
1.46218e+03	1.18493e-01
1.46288e+03	1.17823e-01
1.46358e+03	1.17158e-01
1.46428e+03	1.16500e-01
1.46498e+03	1.15848e-01
1.46568e+03	1.15202e-01
1.46638e+03	1.14561e-01
1.46708e+03	1.13927e-01
1.46778e+03	1.13299e-01
1.46848e+03	1.12676e-01
1.46918e+03	1.12058e-01
1.46988e+03	1.11447e-01
1.47059e+03	1.10840e-01
1.47129e+03	1.10240e-01
1.47199e+03	1.09644e-01
1.47269e+03	1.09054e-01
1.47339e+03	1.08469e-01
1.47409e+03	1.07889e-01
1.47479e+03	1.07315e-01
1.47549e+03	1.06745e-01
1.47619e+03	1.06180e-01
1.47689e+03	1.05621e-01
1.47759e+03	1.05066e-01
1.47829e+03	1.04516e-01
1.47899e+03	1.03970e-01
1.47969e+03	1.03429e-01
1.48039e+03	1.02893e-01
1.48109e+03	1.02362e-01
1.48179e+03	1.01835e-01
1.48249e+03	1.01312e-01
1.48319e+03	1.00794e-01
1.48389e+03	1.00280e-01
1.48459e+03	9.97705e-02
1.48529e+03	9.92652e-02
1.48599e+03	9.87640e-02
1.48669e+03	9.82671e-02
1.48739e+03	9.77742e-02
1.48809e+03	9.72853e-02
1.48879e+03	9.68005e-02
1.48949e+03	9.63196e-02
1.49020e+03	9.58427e-02
1.49090e+03	9.53696e-02
1.49160e+03	9.49003e-02
1.49230e+03	9.44348e-02
1.49300e+03	9.39730e-02
1.49370e+03	9.35149e-02
1.49440e+03	9.30605e-02
1.49510e+03	9.26097e-02
1.49580e+03	9.21625e-02
1.49650e+03	9.17188e-02
1.49720e+03	9.12786e-02
1.49790e+03	9.08418e-02
1.49860e+03	9.04085e-02
1.49930e+03	8.99785e-02
1.50000e+03	8.95519e-02
