# File written by the predict_spectrum.py script.
# frequency (cm^-1)	Intensity
1.00000e+02	1.59071e-02
1.00700e+02	1.59306e-02
1.01401e+02	1.59541e-02
1.02101e+02	1.59776e-02
1.02801e+02	1.60012e-02
1.03502e+02	1.60248e-02
1.04202e+02	1.60485e-02
1.04902e+02	1.60723e-02
1.05603e+02	1.60961e-02
1.06303e+02	1.61199e-02
1.07004e+02	1.61438e-02
1.07704e+02	1.61678e-02
1.08404e+02	1.61918e-02
1.09105e+02	1.62159e-02
1.09805e+02	1.62400e-02
1.10505e+02	1.62642e-02
1.11206e+02	1.62884e-02
1.11906e+02	1.63127e-02
1.12606e+02	1.63371e-02
1.13307e+02	1.63614e-02
1.14007e+02	1.63859e-02
1.14707e+02	1.64104e-02
1.15408e+02	1.64350e-02
1.16108e+02	1.64596e-02
1.16808e+02	1.64843e-02
1.17509e+02	1.65090e-02
1.18209e+02	1.65338e-02
1.18909e+02	1.65586e-02
1.19610e+02	1.65835e-02
1.20310e+02	1.66085e-02
1.21011e+02	1.66335e-02
1.21711e+02	1.66585e-02
1.22411e+02	1.66837e-02
1.23112e+02	1.67088e-02
1.23812e+02	1.67341e-02
1.24512e+02	1.67594e-02
1.25213e+02	1.67847e-02
1.25913e+02	1.68101e-02
1.26613e+02	1.68356e-02
1.27314e+02	1.68611e-02
1.28014e+02	1.68867e-02
1.28714e+02	1.69124e-02
1.29415e+02	1.69381e-02
1.30115e+02	1.69638e-02
1.30815e+02	1.69896e-02
1.31516e+02	1.70155e-02
1.32216e+02	1.70415e-02
1.32916e+02	1.70675e-02
1.33617e+02	1.70935e-02
1.34317e+02	1.71196e-02
1.35018e+02	1.71458e-02
1.35718e+02	1.71721e-02
1.36418e+02	1.71984e-02
1.37119e+02	1.72247e-02
1.37819e+02	1.72511e-02
1.38519e+02	1.72776e-02
1.39220e+02	1.73042e-02
1.39920e+02	1.73308e-02
1.40620e+02	1.73574e-02
1.41321e+02	1.73842e-02
1.42021e+02	1.74110e-02
1.42721e+02	1.74378e-02
1.43422e+02	1.74647e-02
1.44122e+02	1.74917e-02
1.44822e+02	1.75188e-02
1.45523e+02	1.75459e-02
1.46223e+02	1.75730e-02
1.46923e+02	1.76003e-02
1.47624e+02	1.76276e-02
1.48324e+02	1.76549e-02
1.49025e+02	1.76823e-02
1.49725e+02	1.77098e-02
1.50425e+02	1.77374e-02
1.51126e+02	1.77650e-02
1.51826e+02	1.77927e-02
1.52526e+02	1.78204e-02
1.53227e+02	1.78482e-02
1.53927e+02	1.78761e-02
1.54627e+02	1.79041e-02
1.55328e+02	1.79321e-02
1.56028e+02	1.79601e-02
1.56728e+02	1.79883e-02
1.57429e+02	1.80165e-02
1.58129e+02	1.80448e-02
1.58829e+02	1.80731e-02
1.59530e+02	1.81015e-02
1.60230e+02	1.81300e-02
1.60930e+02	1.81585e-02
1.61631e+02	1.81872e-02
1.62331e+02	1.82158e-02
1.63032e+02	1.82446e-02
1.63732e+02	1.82734e-02
1.64432e+02	1.83023e-02
1.65133e+02	1.83312e-02
1.65833e+02	1.83603e-02
1.66533e+02	1.83894e-02
1.67234e+02	1.84185e-02
1.67934e+02	1.84478e-02
1.68634e+02	1.84771e-02
1.69335e+02	1.85064e-02
1.70035e+02	1.85359e-02
1.70735e+02	1.85654e-02
1.71436e+02	1.85950e-02
1.72136e+02	1.86246e-02
1.72836e+02	1.86543e-02
1.73537e+02	1.86841e-02
1.74237e+02	1.87140e-02
1.74937e+02	1.87440e-02
1.75638e+02	1.87740e-02
1.76338e+02	1.88041e-02
1.77039e+02	1.88342e-02
1.77739e+02	1.88645e-02
1.78439e+02	1.88948e-02
1.79140e+02	1.89251e-02
1.79840e+02	1.89556e-02
1.80540e+02	1.89861e-02
1.81241e+02	1.90167e-02
1.81941e+02	1.90474e-02
1.82641e+02	1.90782e-02
1.83342e+02	1.91090e-02
1.84042e+02	1.91399e-02
1.84742e+02	1.91709e-02
1.85443e+02	1.92019e-02
1.86143e+02	1.92330e-02
1.86843e+02	1.92642e-02
1.87544e+02	1.92955e-02
1.88244e+02	1.93269e-02
1.88944e+02	1.93583e-02
1.89645e+02	1.93898e-02
1.90345e+02	1.94214e-02
1.91046e+02	1.94531e-02
1.91746e+02	1.94848e-02
1.92446e+02	1.95167e-02
1.93147e+02	1.95486e-02
1.93847e+02	1.95805e-02
1.94547e+02	1.96126e-02
1.95248e+02	1.96447e-02
1.95948e+02	1.96769e-02
1.96648e+02	1.97092e-02
1.97349e+02	1.97416e-02
1.98049e+02	1.97741e-02
1.98749e+02	1.98066e-02
1.99450e+02	1.98392e-02
2.00150e+02	1.98719e-02
2.00850e+02	1.99047e-02
2.01551e+02	1.99376e-02
2.02251e+02	1.99705e-02
2.02951e+02	2.00036e-02
2.03652e+02	2.00367e-02
2.04352e+02	2.00699e-02
2.05053e+02	2.01031e-02
2.05753e+02	2.01365e-02
2.06453e+02	2.01699e-02
2.07154e+02	2.02035e-02
2.07854e+02	2.02371e-02
2.08554e+02	2.02708e-02
2.09255e+02	2.03045e-02
2.09955e+02	2.03384e-02
2.10655e+02	2.03724e-02
2.11356e+02	2.04064e-02
2.12056e+02	2.04405e-02
2.12756e+02	2.04747e-02
2.13457e+02	2.05090e-02
2.14157e+02	2.05434e-02
2.14857e+02	2.05779e-02
2.15558e+02	2.06124e-02
2.16258e+02	2.06471e-02
2.16958e+02	2.06818e-02
2.17659e+02	2.07166e-02
2.18359e+02	2.07515e-02
2.19060e+02	2.07865e-02
2.19760e+02	2.08216e-02
2.20460e+02	2.08568e-02
2.21161e+02	2.08920e-02
2.21861e+02	2.09274e-02
2.22561e+02	2.09628e-02
2.23262e+02	2.09984e-02
2.23962e+02	2.10340e-02
2.24662e+02	2.10697e-02
2.25363e+02	2.11055e-02
2.26063e+02	2.11414e-02
2.26763e+02	2.11774e-02
2.27464e+02	2.12135e-02
2.28164e+02	2.12497e-02
2.28864e+02	2.12860e-02
2.29565e+02	2.13223e-02
2.30265e+02	2.13588e-02
2.30965e+02	2.13953e-02
2.31666e+02	2.14320e-02
2.32366e+02	2.14687e-02
2.33067e+02	2.15056e-02
2.33767e+02	2.15425e-02
2.34467e+02	2.15795e-02
2.35168e+02	2.16166e-02
2.35868e+02	2.16539e-02
2.36568e+02	2.16912e-02
2.37269e+02	2.17286e-02
2.37969e+02	2.17661e-02
2.38669e+02	2.18037e-02
2.39370e+02	2.18414e-02
2.40070e+02	2.18792e-02
2.40770e+02	2.19171e-02
2.41471e+02	2.19551e-02
2.42171e+02	2.19932e-02
2.42871e+02	2.20315e-02
2.43572e+02	2.20698e-02
2.44272e+02	2.21082e-02
2.44972e+02	2.21467e-02
2.45673e+02	2.21853e-02
2.46373e+02	2.22240e-02
2.47074e+02	2.22628e-02
2.47774e+02	2.23017e-02
2.48474e+02	2.23407e-02
2.49175e+02	2.23798e-02
2.49875e+02	2.24191e-02
2.50575e+02	2.24584e-02
2.51276e+02	2.24978e-02
2.51976e+02	2.25374e-02
2.52676e+02	2.25770e-02
2.53377e+02	2.26167e-02
2.54077e+02	2.26566e-02
2.54777e+02	2.26966e-02
2.55478e+02	2.27366e-02
2.56178e+02	2.27768e-02
2.56878e+02	2.28171e-02
2.57579e+02	2.28574e-02
2.58279e+02	2.28979e-02
2.58979e+02	2.29385e-02
2.59680e+02	2.29793e-02
2.60380e+02	2.30201e-02
2.61081e+02	2.30610e-02
2.61781e+02	2.31020e-02
2.62481e+02	2.31432e-02
2.63182e+02	2.31844e-02
2.63882e+02	2.32258e-02
2.64582e+02	2.32673e-02
2.65283e+02	2.33089e-02
2.65983e+02	2.33506e-02
2.66683e+02	2.33924e-02
2.67384e+02	2.34344e-02
2.68084e+02	2.34764e-02
2.68784e+02	2.35186e-02
2.69485e+02	2.35608e-02
2.70185e+02	2.36032e-02
2.70885e+02	2.36457e-02
2.71586e+02	2.36884e-02
2.72286e+02	2.37311e-02
2.72986e+02	2.37739e-02
2.73687e+02	2.38169e-02
2.74387e+02	2.38600e-02
2.75088e+02	2.39032e-02
2.75788e+02	2.39465e-02
2.76488e+02	2.39900e-02
2.77189e+02	2.40335e-02
2.77889e+02	2.40772e-02
2.78589e+02	2.41210e-02
2.79290e+02	2.41649e-02
2.79990e+02	2.42090e-02
2.80690e+02	2.42531e-02
2.81391e+02	2.42974e-02
2.82091e+02	2.43418e-02
2.82791e+02	2.43864e-02
2.83492e+02	2.44310e-02
2.84192e+02	2.44758e-02
2.84892e+02	2.45207e-02
2.85593e+02	2.45657e-02
2.86293e+02	2.46109e-02
2.86993e+02	2.46561e-02
2.87694e+02	2.47015e-02
2.88394e+02	2.47471e-02
2.89095e+02	2.47927e-02
2.89795e+02	2.48385e-02
2.90495e+02	2.48844e-02
2.91196e+02	2.49304e-02
2.91896e+02	2.49766e-02
2.92596e+02	2.50229e-02
2.93297e+02	2.50693e-02
2.93997e+02	2.51159e-02
2.94697e+02	2.51626e-02
2.95398e+02	2.52094e-02
2.96098e+02	2.52563e-02
2.96798e+02	2.53034e-02
2.97499e+02	2.53506e-02
2.98199e+02	2.53980e-02
2.98899e+02	2.54454e-02
2.99600e+02	2.54930e-02
3.00300e+02	2.55408e-02
3.01001e+02	2.55887e-02
3.01701e+02	2.56367e-02
3.02401e+02	2.56849e-02
3.03102e+02	2.57331e-02
3.03802e+02	2.57816e-02
3.04502e+02	2.58301e-02
3.05203e+02	2.58788e-02
3.05903e+02	2.59277e-02
3.06603e+02	2.59767e-02
3.07304e+02	2.60258e-02
3.08004e+02	2.60751e-02
3.08704e+02	2.61245e-02
3.09405e+02	2.61740e-02
3.10105e+02	2.62237e-02
3.10805e+02	2.62735e-02
3.11506e+02	2.63235e-02
3.12206e+02	2.63736e-02
3.12906e+02	2.64239e-02
3.13607e+02	2.64743e-02
3.14307e+02	2.65248e-02
3.15008e+02	2.65755e-02
3.15708e+02	2.66264e-02
3.16408e+02	2.66774e-02
3.17109e+02	2.67285e-02
3.17809e+02	2.67798e-02
3.18509e+02	2.68312e-02
3.19210e+02	2.68828e-02
3.19910e+02	2.69345e-02
3.20610e+02	2.69864e-02
3.21311e+02	2.70385e-02
3.22011e+02	2.70906e-02
3.22711e+02	2.71430e-02
3.23412e+02	2.71955e-02
3.24112e+02	2.72481e-02
3.24812e+02	2.73009e-02
3.25513e+02	2.73539e-02
3.26213e+02	2.74070e-02
3.26913e+02	2.74603e-02
3.27614e+02	2.75137e-02
3.28314e+02	2.75673e-02
3.29015e+02	2.76210e-02
3.29715e+02	2.76749e-02
3.30415e+02	2.77289e-02
3.31116e+02	2.77832e-02
3.31816e+02	2.78375e-02
3.32516e+02	2.78921e-02
3.33217e+02	2.79468e-02
3.33917e+02	2.80016e-02
3.34617e+02	2.80566e-02
3.35318e+02	2.81118e-02
3.36018e+02	2.81672e-02
3.36718e+02	2.82227e-02
3.37419e+02	2.82784e-02
3.38119e+02	2.83342e-02
3.38819e+02	2.83902e-02
3.39520e+02	2.84464e-02
3.40220e+02	2.85028e-02
3.40920e+02	2.85593e-02
3.41621e+02	2.86160e-02
3.42321e+02	2.86728e-02
3.43022e+02	2.87298e-02
3.43722e+02	2.87870e-02
3.44422e+02	2.88444e-02
3.45123e+02	2.89020e-02
3.45823e+02	2.89597e-02
3.46523e+02	2.90176e-02
3.47224e+02	2.90756e-02
3.47924e+02	2.91339e-02
3.48624e+02	2.91923e-02
3.49325e+02	2.92509e-02
3.50025e+02	2.93097e-02
3.50725e+02	2.93686e-02
3.51426e+02	2.94277e-02
3.52126e+02	2.94871e-02
3.52826e+02	2.95465e-02
3.53527e+02	2.96062e-02
3.54227e+02	2.96661e-02
3.54927e+02	2.97261e-02
3.55628e+02	2.97863e-02
3.56328e+02	2.98467e-02
3.57029e+02	2.99073e-02
3.57729e+02	2.99681e-02
3.58429e+02	3.00291e-02
3.59130e+02	3.00902e-02
3.59830e+02	3.01516e-02
3.60530e+02	3.02131e-02
3.61231e+02	3.02748e-02
3.61931e+02	3.03367e-02
3.62631e+02	3.03988e-02
3.63332e+02	3.04611e-02
3.64032e+02	3.05236e-02
3.64732e+02	3.05863e-02
3.65433e+02	3.06492e-02
3.66133e+02	3.07122e-02
3.66833e+02	3.07755e-02
3.67534e+02	3.08390e-02
3.68234e+02	3.09026e-02
3.68934e+02	3.09665e-02
3.69635e+02	3.10306e-02
3.70335e+02	3.10948e-02
3.71036e+02	3.11593e-02
3.71736e+02	3.12240e-02
3.72436e+02	3.12888e-02
3.73137e+02	3.13539e-02
3.73837e+02	3.14192e-02
3.74537e+02	3.14847e-02
3.75238e+02	3.15503e-02
3.75938e+02	3.16162e-02
3.76638e+02	3.16823e-02
3.77339e+02	3.17487e-02
3.78039e+02	3.18152e-02
3.78739e+02	3.18819e-02
3.79440e+02	3.19489e-02
3.80140e+02	3.20160e-02
3.80840e+02	3.20834e-02
3.81541e+02	3.21510e-02
3.82241e+02	3.22188e-02
3.82941e+02	3.22868e-02
3.83642e+02	3.23550e-02
3.84342e+02	3.24235e-02
3.85043e+02	3.24922e-02
3.85743e+02	3.25611e-02
3.86443e+02	3.26302e-02
3.87144e+02	3.26995e-02
3.87844e+02	3.27691e-02
3.88544e+02	3.28388e-02
3.89245e+02	3.29088e-02
3.89945e+02	3.29791e-02
3.90645e+02	3.30495e-02
3.91346e+02	3.31202e-02
3.92046e+02	3.31911e-02
3.92746e+02	3.32623e-02
3.93447e+02	3.33337e-02
3.94147e+02	3.34053e-02
3.94847e+02	3.34771e-02
3.95548e+02	3.35492e-02
3.96248e+02	3.36215e-02
3.96948e+02	3.36940e-02
3.97649e+02	3.37668e-02
3.98349e+02	3.38399e-02
3.99050e+02	3.39131e-02
3.99750e+02	3.39866e-02
4.00450e+02	3.40604e-02
4.01151e+02	3.41343e-02
4.01851e+02	3.42086e-02
4.02551e+02	3.42830e-02
4.03252e+02	3.43577e-02
4.03952e+02	3.44327e-02
4.04652e+02	3.45079e-02
4.05353e+02	3.45834e-02
4.06053e+02	3.46591e-02
4.06753e+02	3.47350e-02
4.07454e+02	3.48112e-02
4.08154e+02	3.48877e-02
4.08854e+02	3.49644e-02
4.09555e+02	3.50414e-02
4.10255e+02	3.51186e-02
4.10955e+02	3.51961e-02
4.11656e+02	3.52739e-02
4.12356e+02	3.53519e-02
4.13057e+02	3.54301e-02
4.13757e+02	3.55087e-02
4.14457e+02	3.55875e-02
4.15158e+02	3.56665e-02
4.15858e+02	3.57458e-02
4.16558e+02	3.58254e-02
4.17259e+02	3.59053e-02
4.17959e+02	3.59854e-02
4.18659e+02	3.60658e-02
4.19360e+02	3.61465e-02
4.20060e+02	3.62274e-02
4.20760e+02	3.63086e-02
4.21461e+02	3.63901e-02
4.22161e+02	3.64719e-02
4.22861e+02	3.65539e-02
4.23562e+02	3.66363e-02
4.24262e+02	3.67189e-02
4.24962e+02	3.68018e-02
4.25663e+02	3.68849e-02
4.26363e+02	3.69684e-02
4.27064e+02	3.70521e-02
4.27764e+02	3.71362e-02
4.28464e+02	3.72205e-02
4.29165e+02	3.73051e-02
4.29865e+02	3.73900e-02
4.30565e+02	3.74752e-02
4.31266e+02	3.75607e-02
4.31966e+02	3.76465e-02
4.32666e+02	3.77325e-02
4.33367e+02	3.78189e-02
4.34067e+02	3.79056e-02
4.34767e+02	3.79926e-02
4.35468e+02	3.80798e-02
4.36168e+02	3.81674e-02
4.36868e+02	3.82553e-02
4.37569e+02	3.83435e-02
4.38269e+02	3.84320e-02
4.38969e+02	3.85208e-02
4.39670e+02	3.86099e-02
4.40370e+02	3.86994e-02
4.41071e+02	3.87891e-02
4.41771e+02	3.88792e-02
4.42471e+02	3.89696e-02
4.43172e+02	3.90603e-02
4.43872e+02	3.91513e-02
4.44572e+02	3.92426e-02
4.45273e+02	3.93343e-02
4.45973e+02	3.94263e-02
4.46673e+02	3.95186e-02
4.47374e+02	3.96112e-02
4.48074e+02	3.97042e-02
4.48774e+02	3.97975e-02
4.49475e+02	3.98911e-02
4.50175e+02	3.99851e-02
4.50875e+02	4.00794e-02
4.51576e+02	4.01740e-02
4.52276e+02	4.02690e-02
4.52976e+02	4.03643e-02
4.53677e+02	4.04599e-02
4.54377e+02	4.05559e-02
4.55078e+02	4.06523e-02
4.55778e+02	4.07490e-02
4.56478e+02	4.08460e-02
4.57179e+02	4.09434e-02
4.57879e+02	4.10411e-02
4.58579e+02	4.11392e-02
4.59280e+02	4.12377e-02
4.59980e+02	4.13365e-02
4.60680e+02	4.14356e-02
4.61381e+02	4.15352e-02
4.62081e+02	4.16350e-02
4.62781e+02	4.17353e-02
4.63482e+02	4.18359e-02
4.64182e+02	4.19369e-02
4.64882e+02	4.20382e-02
4.65583e+02	4.21400e-02
4.66283e+02	4.22421e-02
4.66983e+02	4.23445e-02
4.67684e+02	4.24474e-02
4.68384e+02	4.25506e-02
4.69085e+02	4.26542e-02
4.69785e+02	4.27582e-02
4.70485e+02	4.28626e-02
4.71186e+02	4.29673e-02
4.71886e+02	4.30725e-02
4.72586e+02	4.31780e-02
4.73287e+02	4.32839e-02
4.73987e+02	4.33902e-02
4.74687e+02	4.34970e-02
4.75388e+02	4.36041e-02
4.76088e+02	4.37116e-02
4.76788e+02	4.38195e-02
4.77489e+02	4.39278e-02
4.78189e+02	4.40365e-02
4.78889e+02	4.41457e-02
4.79590e+02	4.42552e-02
4.80290e+02	4.43652e-02
4.80990e+02	4.44755e-02
4.81691e+02	4.45863e-02
4.82391e+02	4.46975e-02
4.83092e+02	4.48091e-02
4.83792e+02	4.49212e-02
4.84492e+02	4.50336e-02
4.85193e+02	4.51465e-02
4.85893e+02	4.52599e-02
4.86593e+02	4.53736e-02
4.87294e+02	4.54878e-02
4.87994e+02	4.56024e-02
4.88694e+02	4.57175e-02
4.89395e+02	4.58330e-02
4.90095e+02	4.59489e-02
4.90795e+02	4.60653e-02
4.91496e+02	4.61822e-02
4.92196e+02	4.62994e-02
4.92896e+02	4.64172e-02
4.93597e+02	4.65354e-02
4.94297e+02	4.66540e-02
4.94997e+02	4.67731e-02
4.95698e+02	4.68927e-02
4.96398e+02	4.70127e-02
4.97099e+02	4.71332e-02
4.97799e+02	4.72542e-02
4.98499e+02	4.73756e-02
4.99200e+02	4.74975e-02
4.99900e+02	4.76199e-02
5.00600e+02	4.77427e-02
5.01301e+02	4.78661e-02
5.02001e+02	4.79899e-02
5.02701e+02	4.81142e-02
5.03402e+02	4.82390e-02
5.04102e+02	4.83643e-02
5.04802e+02	4.84900e-02
5.05503e+02	4.86163e-02
5.06203e+02	4.87431e-02
5.06903e+02	4.88704e-02
5.07604e+02	4.89981e-02
5.08304e+02	4.91264e-02
5.09005e+02	4.92552e-02
5.09705e+02	4.93845e-02
5.10405e+02	4.95143e-02
5.11106e+02	4.96447e-02
5.11806e+02	4.97755e-02
5.12506e+02	4.99069e-02
5.13207e+02	5.00388e-02
5.13907e+02	5.01713e-02
5.14607e+02	5.03042e-02
5.15308e+02	5.04377e-02
5.16008e+02	5.05718e-02
5.16708e+02	5.07063e-02
5.17409e+02	5.08414e-02
5.18109e+02	5.09771e-02
5.18809e+02	5.11133e-02
5.19510e+02	5.12501e-02
5.20210e+02	5.13874e-02
5.20910e+02	5.15253e-02
5.21611e+02	5.16637e-02
5.22311e+02	5.18027e-02
5.23012e+02	5.19423e-02
5.23712e+02	5.20824e-02
5.24412e+02	5.22232e-02
5.25113e+02	5.23644e-02
5.25813e+02	5.25063e-02
5.26513e+02	5.26488e-02
5.27214e+02	5.27918e-02
5.27914e+02	5.29354e-02
5.28614e+02	5.30797e-02
5.29315e+02	5.32245e-02
5.30015e+02	5.33699e-02
5.30715e+02	5.35159e-02
5.31416e+02	5.36625e-02
5.32116e+02	5.38098e-02
5.32816e+02	5.39576e-02
5.33517e+02	5.41061e-02
5.34217e+02	5.42552e-02
5.34917e+02	5.44049e-02
5.35618e+02	5.45552e-02
5.36318e+02	5.47062e-02
5.37019e+02	5.48577e-02
5.37719e+02	5.50100e-02
5.38419e+02	5.51629e-02
5.39120e+02	5.53164e-02
5.39820e+02	5.54705e-02
5.40520e+02	5.56254e-02
5.41221e+02	5.57808e-02
5.41921e+02	5.59370e-02
5.42621e+02	5.60937e-02
5.43322e+02	5.62512e-02
5.44022e+02	5.64093e-02
5.44722e+02	5.65681e-02
5.45423e+02	5.67276e-02
5.46123e+02	5.68878e-02
5.46823e+02	5.70486e-02
5.47524e+02	5.72102e-02
5.48224e+02	5.73724e-02
5.48924e+02	5.75354e-02
5.49625e+02	5.76990e-02
5.50325e+02	5.78633e-02
5.51026e+02	5.80284e-02
5.51726e+02	5.81941e-02
5.52426e+02	5.83606e-02
5.53127e+02	5.85278e-02
5.53827e+02	5.86958e-02
5.54527e+02	5.88644e-02
5.55228e+02	5.90338e-02
5.55928e+02	5.92040e-02
5.56628e+02	5.93749e-02
5.57329e+02	5.95465e-02
5.58029e+02	5.97189e-02
5.58729e+02	5.98920e-02
5.59430e+02	6.00659e-02
5.60130e+02	6.02406e-02
5.60830e+02	6.04160e-02
5.61531e+02	6.05922e-02
5.62231e+02	6.07692e-02
5.62931e+02	6.09470e-02
5.63632e+02	6.11256e-02
5.64332e+02	6.13050e-02
5.65033e+02	6.14851e-02
5.65733e+02	6.16661e-02
5.66433e+02	6.18479e-02
5.67134e+02	6.20304e-02
5.67834e+02	6.22138e-02
5.68534e+02	6.23981e-02
5.69235e+02	6.25831e-02
5.69935e+02	6.27690e-02
5.70635e+02	6.29557e-02
5.71336e+02	6.31433e-02
5.72036e+02	6.33317e-02
5.72736e+02	6.35210e-02
5.73437e+02	6.37111e-02
5.74137e+02	6.39021e-02
5.74837e+02	6.40940e-02
5.75538e+02	6.42867e-02
5.76238e+02	6.44803e-02
5.76938e+02	6.46748e-02
5.77639e+02	6.48702e-02
5.78339e+02	6.50665e-02
5.79040e+02	6.52637e-02
5.79740e+02	6.54618e-02
5.80440e+02	6.56608e-02
5.81141e+02	6.58608e-02
5.81841e+02	6.60616e-02
5.82541e+02	6.62634e-02
5.83242e+02	6.64661e-02
5.83942e+02	6.66698e-02
5.84642e+02	6.68744e-02
5.85343e+02	6.70799e-02
5.86043e+02	6.72865e-02
5.86743e+02	6.74939e-02
5.87444e+02	6.77024e-02
5.88144e+02	6.79118e-02
5.88844e+02	6.81222e-02
5.89545e+02	6.83337e-02
5.90245e+02	6.85461e-02
5.90945e+02	6.87595e-02
5.91646e+02	6.89739e-02
5.92346e+02	6.91893e-02
5.93047e+02	6.94058e-02
5.93747e+02	6.96232e-02
5.94447e+02	6.98418e-02
5.95148e+02	7.00613e-02
5.95848e+02	7.02819e-02
5.96548e+02	7.05036e-02
5.97249e+02	7.07263e-02
5.97949e+02	7.09501e-02
5.98649e+02	7.11749e-02
5.99350e+02	7.14009e-02
6.00050e+02	7.16279e-02
6.00750e+02	7.18561e-02
6.01451e+02	7.20853e-02
6.02151e+02	7.23156e-02
6.02851e+02	7.25471e-02
6.03552e+02	7.27797e-02
6.04252e+02	7.30134e-02
6.04952e+02	7.32483e-02
6.05653e+02	7.34843e-02
6.06353e+02	7.37214e-02
6.07054e+02	7.39598e-02
6.07754e+02	7.41993e-02
6.08454e+02	7.44399e-02
6.09155e+02	7.46818e-02
6.09855e+02	7.49249e-02
6.10555e+02	7.51691e-02
6.11256e+02	7.54146e-02
6.11956e+02	7.56613e-02
6.12656e+02	7.59092e-02
6.13357e+02	7.61583e-02
6.14057e+02	7.64087e-02
6.14757e+02	7.66603e-02
6.15458e+02	7.69132e-02
6.16158e+02	7.71674e-02
6.16858e+02	7.74228e-02
6.17559e+02	7.76795e-02
6.18259e+02	7.79376e-02
6.18959e+02	7.81969e-02
6.19660e+02	7.84575e-02
6.20360e+02	7.87194e-02
6.21061e+02	7.89827e-02
6.21761e+02	7.92473e-02
6.22461e+02	7.95133e-02
6.23162e+02	7.97806e-02
6.23862e+02	8.00493e-02
6.24562e+02	8.03193e-02
6.25263e+02	8.05908e-02
6.25963e+02	8.08636e-02
6.26663e+02	8.11379e-02
6.27364e+02	8.14135e-02
6.28064e+02	8.16906e-02
6.28764e+02	8.19691e-02
6.29465e+02	8.22491e-02
6.30165e+02	8.25305e-02
6.30865e+02	8.28133e-02
6.31566e+02	8.30977e-02
6.32266e+02	8.33835e-02
6.32966e+02	8.36708e-02
6.33667e+02	8.39596e-02
6.34367e+02	8.42500e-02
6.35068e+02	8.45418e-02
6.35768e+02	8.48352e-02
6.36468e+02	8.51302e-02
6.37169e+02	8.54267e-02
6.37869e+02	8.57248e-02
6.38569e+02	8.60244e-02
6.39270e+02	8.63257e-02
6.39970e+02	8.66285e-02
6.40670e+02	8.69330e-02
6.41371e+02	8.72391e-02
6.42071e+02	8.75468e-02
6.42771e+02	8.78562e-02
6.43472e+02	8.81673e-02
6.44172e+02	8.84800e-02
6.44872e+02	8.87944e-02
6.45573e+02	8.91105e-02
6.46273e+02	8.94283e-02
6.46973e+02	8.97478e-02
6.47674e+02	9.00691e-02
6.48374e+02	9.03921e-02
6.49075e+02	9.07169e-02
6.49775e+02	9.10435e-02
6.50475e+02	9.13718e-02
6.51176e+02	9.17019e-02
6.51876e+02	9.20339e-02
6.52576e+02	9.23677e-02
6.53277e+02	9.27033e-02
6.53977e+02	9.30408e-02
6.54677e+02	9.33801e-02
6.55378e+02	9.37214e-02
6.56078e+02	9.40645e-02
6.56778e+02	9.44095e-02
6.57479e+02	9.47565e-02
6.58179e+02	9.51054e-02
6.58879e+02	9.54562e-02
6.59580e+02	9.58091e-02
6.60280e+02	9.61639e-02
6.60980e+02	9.65207e-02
6.61681e+02	9.68795e-02
6.62381e+02	9.72403e-02
6.63082e+02	9.76032e-02
6.63782e+02	9.79682e-02
6.64482e+02	9.83352e-02
6.65183e+02	9.87043e-02
6.65883e+02	9.90755e-02
6.66583e+02	9.94489e-02
6.67284e+02	9.98243e-02
6.67984e+02	1.00202e-01
6.68684e+02	1.00582e-01
6.69385e+02	1.00964e-01
6.70085e+02	1.01348e-01
6.70785e+02	1.01734e-01
6.71486e+02	1.02123e-01
6.72186e+02	1.02514e-01
6.72886e+02	1.02907e-01
6.73587e+02	1.03303e-01
6.74287e+02	1.03701e-01
6.74987e+02	1.04101e-01
6.75688e+02	1.04503e-01
6.76388e+02	1.04908e-01
6.77089e+02	1.05315e-01
6.77789e+02	1.05725e-01
6.78489e+02	1.06137e-01
6.79190e+02	1.06552e-01
6.79890e+02	1.06969e-01
6.80590e+02	1.07388e-01
6.81291e+02	1.07810e-01
6.81991e+02	1.08234e-01
6.82691e+02	1.08662e-01
6.83392e+02	1.09091e-01
6.84092e+02	1.09523e-01
6.84792e+02	1.09958e-01
6.85493e+02	1.10396e-01
6.86193e+02	1.10836e-01
6.86893e+02	1.11278e-01
6.87594e+02	1.11724e-01
6.88294e+02	1.12172e-01
6.88994e+02	1.12623e-01
6.89695e+02	1.13076e-01
6.90395e+02	1.13533e-01
6.91096e+02	1.13992e-01
6.91796e+02	1.14454e-01
6.92496e+02	1.14919e-01
6.93197e+02	1.15387e-01
6.93897e+02	1.15857e-01
6.94597e+02	1.16331e-01
6.95298e+02	1.16807e-01
6.95998e+02	1.17287e-01
6.96698e+02	1.17769e-01
6.97399e+02	1.18255e-01
6.98099e+02	1.18743e-01
6.98799e+02	1.19235e-01
6.99500e+02	1.19730e-01
7.00200e+02	1.20228e-01
7.00900e+02	1.20729e-01
7.01601e+02	1.21233e-01
7.02301e+02	1.21740e-01
7.03002e+02	1.22251e-01
7.03702e+02	1.22765e-01
7.04402e+02	1.23282e-01
7.05103e+02	1.23802e-01
7.05803e+02	1.24326e-01
7.06503e+02	1.24853e-01
7.07204e+02	1.25384e-01
7.07904e+02	1.25918e-01
7.08604e+02	1.26456e-01
7.09305e+02	1.26997e-01
7.10005e+02	1.27541e-01
7.10705e+02	1.28089e-01
7.11406e+02	1.28641e-01
7.12106e+02	1.29196e-01
7.12806e+02	1.29755e-01
7.13507e+02	1.30318e-01
7.14207e+02	1.30884e-01
7.14907e+02	1.31454e-01
7.15608e+02	1.32028e-01
7.16308e+02	1.32606e-01
7.17009e+02	1.33187e-01
7.17709e+02	1.33772e-01
7.18409e+02	1.34362e-01
7.19110e+02	1.34955e-01
7.19810e+02	1.35552e-01
7.20510e+02	1.36154e-01
7.21211e+02	1.36759e-01
7.21911e+02	1.37368e-01
7.22611e+02	1.37982e-01
7.23312e+02	1.38600e-01
7.24012e+02	1.39222e-01
7.24712e+02	1.39848e-01
7.25413e+02	1.40478e-01
7.26113e+02	1.41113e-01
7.26813e+02	1.41752e-01
7.27514e+02	1.42396e-01
7.28214e+02	1.43044e-01
7.28914e+02	1.43697e-01
7.29615e+02	1.44354e-01
7.30315e+02	1.45015e-01
7.31016e+02	1.45682e-01
7.31716e+02	1.46353e-01
7.32416e+02	1.47028e-01
7.33117e+02	1.47709e-01
7.33817e+02	1.48394e-01
7.34517e+02	1.49084e-01
7.35218e+02	1.49779e-01
7.35918e+02	1.50479e-01
7.36618e+02	1.51183e-01
7.37319e+02	1.51893e-01
7.38019e+02	1.52608e-01
7.38719e+02	1.53328e-01
7.39420e+02	1.54054e-01
7.40120e+02	1.54784e-01
7.40820e+02	1.55520e-01
7.41521e+02	1.56261e-01
7.42221e+02	1.57007e-01
7.42921e+02	1.57759e-01
7.43622e+02	1.58517e-01
7.44322e+02	1.59280e-01
7.45023e+02	1.60048e-01
7.45723e+02	1.60822e-01
7.46423e+02	1.61602e-01
7.47124e+02	1.62388e-01
7.47824e+02	1.63179e-01
7.48524e+02	1.63976e-01
7.49225e+02	1.64780e-01
7.49925e+02	1.65589e-01
7.50625e+02	1.66404e-01
7.51326e+02	1.67226e-01
7.52026e+02	1.68053e-01
7.52726e+02	1.68887e-01
7.53427e+02	1.69727e-01
7.54127e+02	1.70574e-01
7.54827e+02	1.71427e-01
7.55528e+02	1.72286e-01
7.56228e+02	1.73152e-01
7.56928e+02	1.74025e-01
7.57629e+02	1.74904e-01
7.58329e+02	1.75790e-01
7.59030e+02	1.76683e-01
7.59730e+02	1.77583e-01
7.60430e+02	1.78490e-01
7.61131e+02	1.79404e-01
7.61831e+02	1.80325e-01
7.62531e+02	1.81253e-01
7.63232e+02	1.82189e-01
7.63932e+02	1.83132e-01
7.64632e+02	1.84082e-01
7.65333e+02	1.85040e-01
7.66033e+02	1.86006e-01
7.66733e+02	1.86979e-01
7.67434e+02	1.87960e-01
7.68134e+02	1.88948e-01
7.68834e+02	1.89945e-01
7.69535e+02	1.90950e-01
7.70235e+02	1.91962e-01
7.70935e+02	1.92983e-01
7.71636e+02	1.94013e-01
7.72336e+02	1.95050e-01
7.73037e+02	1.96096e-01
7.73737e+02	1.97151e-01
7.74437e+02	1.98214e-01
7.75138e+02	1.99286e-01
7.75838e+02	2.00367e-01
7.76538e+02	2.01457e-01
7.77239e+02	2.02556e-01
7.77939e+02	2.03664e-01
7.78639e+02	2.04781e-01
7.79340e+02	2.05908e-01
7.80040e+02	2.07044e-01
7.80740e+02	2.08189e-01
7.81441e+02	2.09344e-01
7.82141e+02	2.10509e-01
7.82841e+02	2.11684e-01
7.83542e+02	2.12869e-01
7.84242e+02	2.14064e-01
7.84942e+02	2.15269e-01
7.85643e+02	2.16485e-01
7.86343e+02	2.17711e-01
7.87044e+02	2.18947e-01
7.87744e+02	2.20195e-01
7.88444e+02	2.21453e-01
7.89145e+02	2.22722e-01
7.89845e+02	2.24002e-01
7.90545e+02	2.25294e-01
7.91246e+02	2.26596e-01
7.91946e+02	2.27911e-01
7.92646e+02	2.29237e-01
7.93347e+02	2.30574e-01
7.94047e+02	2.31924e-01
7.94747e+02	2.33285e-01
7.95448e+02	2.34659e-01
7.96148e+02	2.36045e-01
7.96848e+02	2.37444e-01
7.97549e+02	2.38855e-01
7.98249e+02	2.40279e-01
7.98949e+02	2.41716e-01
7.99650e+02	2.43166e-01
8.00350e+02	2.44630e-01
8.01051e+02	2.46106e-01
8.01751e+02	2.47597e-01
8.02451e+02	2.49101e-01
8.03152e+02	2.50619e-01
8.03852e+02	2.52151e-01
8.04552e+02	2.53698e-01
8.05253e+02	2.55259e-01
8.05953e+02	2.56834e-01
8.06653e+02	2.58425e-01
8.07354e+02	2.60030e-01
8.08054e+02	2.61651e-01
8.08754e+02	2.63287e-01
8.09455e+02	2.64938e-01
8.10155e+02	2.66606e-01
8.10855e+02	2.68289e-01
8.11556e+02	2.69989e-01
8.12256e+02	2.71705e-01
8.12956e+02	2.73438e-01
8.13657e+02	2.75187e-01
8.14357e+02	2.76954e-01
8.15058e+02	2.78738e-01
8.15758e+02	2.80540e-01
8.16458e+02	2.82359e-01
8.17159e+02	2.84196e-01
8.17859e+02	2.86052e-01
8.18559e+02	2.87925e-01
8.19260e+02	2.89818e-01
8.19960e+02	2.91730e-01
8.20660e+02	2.93661e-01
8.21361e+02	2.95611e-01
8.22061e+02	2.97581e-01
8.22761e+02	2.99571e-01
8.23462e+02	3.01582e-01
8.24162e+02	3.03613e-01
8.24862e+02	3.05665e-01
8.25563e+02	3.07738e-01
8.26263e+02	3.09833e-01
8.26963e+02	3.11949e-01
8.27664e+02	3.14087e-01
8.28364e+02	3.16248e-01
8.29065e+02	3.18431e-01
8.29765e+02	3.20638e-01
8.30465e+02	3.22867e-01
8.31166e+02	3.25121e-01
8.31866e+02	3.27398e-01
8.32566e+02	3.29699e-01
8.33267e+02	3.32026e-01
8.33967e+02	3.34377e-01
8.34667e+02	3.36754e-01
8.35368e+02	3.39156e-01
8.36068e+02	3.41585e-01
8.36768e+02	3.44040e-01
8.37469e+02	3.46522e-01
8.38169e+02	3.49032e-01
8.38869e+02	3.51569e-01
8.39570e+02	3.54134e-01
8.40270e+02	3.56728e-01
8.40970e+02	3.59351e-01
8.41671e+02	3.62003e-01
8.42371e+02	3.64685e-01
8.43072e+02	3.67398e-01
8.43772e+02	3.70141e-01
8.44472e+02	3.72915e-01
8.45173e+02	3.75722e-01
8.45873e+02	3.78560e-01
8.46573e+02	3.81431e-01
8.47274e+02	3.84335e-01
8.47974e+02	3.87273e-01
8.48674e+02	3.90246e-01
8.49375e+02	3.93253e-01
8.50075e+02	3.96295e-01
8.50775e+02	3.99374e-01
8.51476e+02	4.02488e-01
8.52176e+02	4.05640e-01
8.52876e+02	4.08830e-01
8.53577e+02	4.12058e-01
8.54277e+02	4.15324e-01
8.54977e+02	4.18630e-01
8.55678e+02	4.21977e-01
8.56378e+02	4.25364e-01
8.57079e+02	4.28792e-01
8.57779e+02	4.32263e-01
8.58479e+02	4.35777e-01
8.59180e+02	4.39334e-01
8.59880e+02	4.42935e-01
8.60580e+02	4.46582e-01
8.61281e+02	4.50274e-01
8.61981e+02	4.54013e-01
8.62681e+02	4.57799e-01
8.63382e+02	4.61633e-01
8.64082e+02	4.65517e-01
8.64782e+02	4.69450e-01
8.65483e+02	4.73433e-01
8.66183e+02	4.77469e-01
8.66883e+02	4.81557e-01
8.67584e+02	4.85698e-01
8.68284e+02	4.89893e-01
8.68984e+02	4.94144e-01
8.69685e+02	4.98451e-01
8.70385e+02	5.02815e-01
8.71086e+02	5.07238e-01
8.71786e+02	5.11720e-01
8.72486e+02	5.16262e-01
8.73187e+02	5.20866e-01
8.73887e+02	5.25532e-01
8.74587e+02	5.30262e-01
8.75288e+02	5.35058e-01
8.75988e+02	5.39919e-01
8.76688e+02	5.44847e-01
8.77389e+02	5.49844e-01
8.78089e+02	5.54911e-01
8.78789e+02	5.60050e-01
8.79490e+02	5.65260e-01
8.80190e+02	5.70545e-01
8.80890e+02	5.75905e-01
8.81591e+02	5.81342e-01
8.82291e+02	5.86857e-01
8.82991e+02	5.92452e-01
8.83692e+02	5.98128e-01
8.84392e+02	6.03887e-01
8.85093e+02	6.09731e-01
8.85793e+02	6.15660e-01
8.86493e+02	6.21678e-01
8.87194e+02	6.27786e-01
8.87894e+02	6.33984e-01
8.88594e+02	6.40277e-01
8.89295e+02	6.46664e-01
8.89995e+02	6.53149e-01
8.90695e+02	6.59732e-01
8.91396e+02	6.66417e-01
8.92096e+02	6.73205e-01
8.92796e+02	6.80098e-01
8.93497e+02	6.87100e-01
8.94197e+02	6.94210e-01
8.94897e+02	7.01433e-01
8.95598e+02	7.08771e-01
8.96298e+02	7.16226e-01
8.96998e+02	7.23800e-01
8.97699e+02	7.31496e-01
8.98399e+02	7.39317e-01
8.99100e+02	7.47265e-01
8.99800e+02	7.55343e-01
9.00500e+02	7.63555e-01
9.01201e+02	7.71903e-01
9.01901e+02	7.80389e-01
9.02601e+02	7.89018e-01
9.03302e+02	7.97792e-01
9.04002e+02	8.06715e-01
9.04702e+02	8.15790e-01
9.05403e+02	8.25020e-01
9.06103e+02	8.34410e-01
9.06803e+02	8.43962e-01
9.07504e+02	8.53681e-01
9.08204e+02	8.63570e-01
9.08904e+02	8.73634e-01
9.09605e+02	8.83877e-01
9.10305e+02	8.94302e-01
9.11006e+02	9.04915e-01
9.11706e+02	9.15720e-01
9.12406e+02	9.26721e-01
9.13107e+02	9.37923e-01
9.13807e+02	9.49331e-01
9.14507e+02	9.60951e-01
9.15208e+02	9.72788e-01
9.15908e+02	9.84846e-01
9.16608e+02	9.97132e-01
9.17309e+02	1.00965e+00
9.18009e+02	1.02241e+00
9.18709e+02	1.03541e+00
9.19410e+02	1.04867e+00
9.20110e+02	1.06218e+00
9.20810e+02	1.07596e+00
9.21511e+02	1.09001e+00
9.22211e+02	1.10435e+00
9.22911e+02	1.11896e+00
9.23612e+02	1.13387e+00
9.24312e+02	1.14909e+00
9.25013e+02	1.16461e+00
9.25713e+02	1.18046e+00
9.26413e+02	1.19663e+00
9.27114e+02	1.21314e+00
9.27814e+02	1.22999e+00
9.28514e+02	1.24721e+00
9.29215e+02	1.26478e+00
9.29915e+02	1.28274e+00
9.30615e+02	1.30108e+00
9.31316e+02	1.31982e+00
9.32016e+02	1.33898e+00
9.32716e+02	1.35855e+00
9.33417e+02	1.37856e+00
9.34117e+02	1.39902e+00
9.34817e+02	1.41994e+00
9.35518e+02	1.44134e+00
9.36218e+02	1.46322e+00
9.36918e+02	1.48561e+00
9.37619e+02	1.50853e+00
9.38319e+02	1.53197e+00
9.39020e+02	1.55598e+00
9.39720e+02	1.58055e+00
9.40420e+02	1.60572e+00
9.41121e+02	1.63149e+00
9.41821e+02	1.65789e+00
9.42521e+02	1.68494e+00
9.43222e+02	1.71266e+00
9.43922e+02	1.74108e+00
9.44622e+02	1.77021e+00
9.45323e+02	1.80008e+00
9.46023e+02	1.83071e+00
9.46723e+02	1.86214e+00
9.47424e+02	1.89439e+00
9.48124e+02	1.92748e+00
9.48824e+02	1.96145e+00
9.49525e+02	1.99633e+00
9.50225e+02	2.03215e+00
9.50925e+02	2.06895e+00
9.51626e+02	2.10676e+00
9.52326e+02	2.14562e+00
9.53027e+02	2.18556e+00
9.53727e+02	2.22663e+00
9.54427e+02	2.26888e+00
9.55128e+02	2.31234e+00
9.55828e+02	2.35706e+00
9.56528e+02	2.40309e+00
9.57229e+02	2.45048e+00
9.57929e+02	2.49930e+00
9.58629e+02	2.54958e+00
9.59330e+02	2.60140e+00
9.60030e+02	2.65482e+00
9.60730e+02	2.70989e+00
9.61431e+02	2.76670e+00
9.62131e+02	2.82531e+00
9.62831e+02	2.88580e+00
9.63532e+02	2.94826e+00
9.64232e+02	3.01275e+00
9.64932e+02	3.07939e+00
9.65633e+02	3.14825e+00
9.66333e+02	3.21945e+00
9.67034e+02	3.29308e+00
9.67734e+02	3.36926e+00
9.68434e+02	3.44810e+00
9.69135e+02	3.52973e+00
9.69835e+02	3.61428e+00
9.70535e+02	3.70190e+00
9.71236e+02	3.79272e+00
9.71936e+02	3.88691e+00
9.72636e+02	3.98463e+00
9.73337e+02	4.08606e+00
9.74037e+02	4.19139e+00
9.74737e+02	4.30082e+00
9.75438e+02	4.41456e+00
9.76138e+02	4.53283e+00
9.76838e+02	4.65588e+00
9.77539e+02	4.78397e+00
9.78239e+02	4.91736e+00
9.78939e+02	5.05636e+00
9.79640e+02	5.20128e+00
9.80340e+02	5.35244e+00
9.81041e+02	5.51022e+00
9.81741e+02	5.67499e+00
9.82441e+02	5.84717e+00
9.83142e+02	6.02720e+00
9.83842e+02	6.21555e+00
9.84542e+02	6.41274e+00
9.85243e+02	6.61932e+00
9.85943e+02	6.83588e+00
9.86643e+02	7.06305e+00
9.87344e+02	7.30153e+00
9.88044e+02	7.55207e+00
9.88744e+02	7.81546e+00
9.89445e+02	8.09258e+00
9.90145e+02	8.38438e+00
9.90845e+02	8.69188e+00
9.91546e+02	9.01620e+00
9.92246e+02	9.35854e+00
9.92946e+02	9.72022e+00
9.93647e+02	1.01027e+01
9.94347e+02	1.05075e+01
9.95048e+02	1.09363e+01
9.95748e+02	1.13911e+01
9.96448e+02	1.18738e+01
9.97149e+02	1.23867e+01
9.97849e+02	1.29323e+01
9.98549e+02	1.35133e+01
9.99250e+02	1.41325e+01
9.99950e+02	1.47933e+01
1.00065e+03	1.54993e+01
1.00135e+03	1.62544e+01
1.00205e+03	1.70629e+01
1.00275e+03	1.79297e+01
1.00345e+03	1.88602e+01
1.00415e+03	1.98600e+01
1.00485e+03	2.09358e+01
1.00555e+03	2.20946e+01
1.00625e+03	2.33444e+01
1.00695e+03	2.46939e+01
1.00765e+03	2.61526e+01
1.00835e+03	2.77310e+01
1.00905e+03	2.94407e+01
1.00975e+03	3.12942e+01
1.01046e+03	3.33051e+01
1.01116e+03	3.54882e+01
1.01186e+03	3.78590e+01
1.01256e+03	4.04339e+01
1.01326e+03	4.32299e+01
1.01396e+03	4.62639e+01
1.01466e+03	4.95524e+01
1.01536e+03	5.31102e+01
1.01606e+03	5.69491e+01
1.01676e+03	6.10763e+01
1.01746e+03	6.54920e+01
1.01816e+03	7.01861e+01
1.01886e+03	7.51352e+01
1.01956e+03	8.02982e+01
1.02026e+03	8.56121e+01
1.02096e+03	9.09887e+01
1.02166e+03	9.63118e+01
1.02236e+03	1.01437e+02
1.02306e+03	1.06196e+02
1.02376e+03	1.10405e+02
1.02446e+03	1.13877e+02
1.02516e+03	1.16440e+02
1.02586e+03	1.17958e+02
1.02656e+03	1.18343e+02
1.02726e+03	1.17575e+02
1.02796e+03	1.15697e+02
1.02866e+03	1.12814e+02
1.02936e+03	1.09076e+02
1.03007e+03	1.04663e+02
1.03077e+03	9.97626e+01
1.03147e+03	9.45543e+01
1.03217e+03	8.91994e+01
1.03287e+03	8.38328e+01
1.03357e+03	7.85614e+01
1.03427e+03	7.34647e+01
1.03497e+03	6.85977e+01
1.03567e+03	6.39953e+01
1.03637e+03	5.96760e+01
1.03707e+03	5.56460e+01
1.03777e+03	5.19027e+01
1.03847e+03	4.84369e+01
1.03917e+03	4.52358e+01
1.03987e+03	4.22837e+01
1.04057e+03	3.95641e+01
1.04127e+03	3.70598e+01
1.04197e+03	3.47541e+01
1.04267e+03	3.26309e+01
1.04337e+03	3.06747e+01
1.04407e+03	2.88713e+01
1.04477e+03	2.72075e+01
1.04547e+03	2.56709e+01
1.04617e+03	2.42505e+01
1.04687e+03	2.29360e+01
1.04757e+03	2.17182e+01
1.04827e+03	2.05886e+01
1.04897e+03	1.95396e+01
1.04967e+03	1.85643e+01
1.05038e+03	1.76564e+01
1.05108e+03	1.68103e+01
1.05178e+03	1.60208e+01
1.05248e+03	1.52832e+01
1.05318e+03	1.45935e+01
1.05388e+03	1.39476e+01
1.05458e+03	1.33422e+01
1.05528e+03	1.27741e+01
1.05598e+03	1.22404e+01
1.05668e+03	1.17386e+01
1.05738e+03	1.12661e+01
1.05808e+03	1.08210e+01
1.05878e+03	1.04011e+01
1.05948e+03	1.00046e+01
1.06018e+03	9.63002e+00
1.06088e+03	9.27569e+00
1.06158e+03	8.94025e+00
1.06228e+03	8.62242e+00
1.06298e+03	8.32104e+00
1.06368e+03	8.03500e+00
1.06438e+03	7.76332e+00
1.06508e+03	7.50508e+00
1.06578e+03	7.25943e+00
1.06648e+03	7.02557e+00
1.06718e+03	6.80280e+00
1.06788e+03	6.59042e+00
1.06858e+03	6.38783e+00
1.06928e+03	6.19445e+00
1.06998e+03	6.00973e+00
1.07069e+03	5.83317e+00
1.07139e+03	5.66433e+00
1.07209e+03	5.50275e+00
1.07279e+03	5.34804e+00
1.07349e+03	5.19983e+00
1.07419e+03	5.05776e+00
1.07489e+03	4.92151e+00
1.07559e+03	4.79076e+00
1.07629e+03	4.66524e+00
1.07699e+03	4.54467e+00
1.07769e+03	4.42880e+00
1.07839e+03	4.31740e+00
1.07909e+03	4.21025e+00
1.07979e+03	4.10713e+00
1.08049e+03	4.00785e+00
1.08119e+03	3.91222e+00
1.08189e+03	3.82008e+00
1.08259e+03	3.73127e+00
1.08329e+03	3.64561e+00
1.08399e+03	3.56298e+00
1.08469e+03	3.48324e+00
1.08539e+03	3.40625e+00
1.08609e+03	3.33189e+00
1.08679e+03	3.26005e+00
1.08749e+03	3.19062e+00
1.08819e+03	3.12349e+00
1.08889e+03	3.05857e+00
1.08959e+03	2.99577e+00
1.09030e+03	2.93499e+00
1.09100e+03	2.87616e+00
1.09170e+03	2.81919e+00
1.09240e+03	2.76401e+00
1.09310e+03	2.71054e+00
1.09380e+03	2.65873e+00
1.09450e+03	2.60850e+00
1.09520e+03	2.55980e+00
1.09590e+03	2.51256e+00
1.09660e+03	2.46673e+00
1.09730e+03	2.42226e+00
1.09800e+03	2.37909e+00
1.09870e+03	2.33719e+00
1.09940e+03	2.29649e+00
1.10010e+03	2.25697e+00
1.10080e+03	2.21857e+00
1.10150e+03	2.18126e+00
1.10220e+03	2.14500e+00
1.10290e+03	2.10975e+00
1.10360e+03	2.07548e+00
1.10430e+03	2.04215e+00
1.10500e+03	2.00974e+00
1.10570e+03	1.97820e+00
1.10640e+03	1.94753e+00
1.10710e+03	1.91767e+00
1.10780e+03	1.88862e+00
1.10850e+03	1.86033e+00
1.10920e+03	1.83280e+00
1.10990e+03	1.80599e+00
1.11061e+03	1.77988e+00
1.11131e+03	1.75446e+00
1.11201e+03	1.72969e+00
1.11271e+03	1.70556e+00
1.11341e+03	1.68206e+00
1.11411e+03	1.65915e+00
1.11481e+03	1.63683e+00
1.11551e+03	1.61508e+00
1.11621e+03	1.59388e+00
1.11691e+03	1.57322e+00
1.11761e+03	1.55308e+00
1.11831e+03	1.53344e+00
1.11901e+03	1.51430e+00
1.11971e+03	1.49563e+00
1.12041e+03	1.47743e+00
1.12111e+03	1.45969e+00
1.12181e+03	1.44239e+00
1.12251e+03	1.42552e+00
1.12321e+03	1.40907e+00
1.12391e+03	1.39302e+00
1.12461e+03	1.37738e+00
1.12531e+03	1.36213e+00
1.12601e+03	1.34725e+00
1.12671e+03	1.33275e+00
1.12741e+03	1.31861e+00
1.12811e+03	1.30482e+00
1.12881e+03	1.29138e+00
1.12951e+03	1.27828e+00
1.13022e+03	1.26551e+00
1.13092e+03	1.25306e+00
1.13162e+03	1.24093e+00
1.13232e+03	1.22910e+00
1.13302e+03	1.21758e+00
1.13372e+03	1.20636e+00
1.13442e+03	1.19543e+00
1.13512e+03	1.18479e+00
1.13582e+03	1.17442e+00
1.13652e+03	1.16433e+00
1.13722e+03	1.15451e+00
1.13792e+03	1.14496e+00
1.13862e+03	1.13566e+00
1.13932e+03	1.12663e+00
1.14002e+03	1.11784e+00
1.14072e+03	1.10931e+00
1.14142e+03	1.10101e+00
1.14212e+03	1.09296e+00
1.14282e+03	1.08515e+00
1.14352e+03	1.07757e+00
1.14422e+03	1.07022e+00
1.14492e+03	1.06310e+00
1.14562e+03	1.05620e+00
1.14632e+03	1.04952e+00
1.14702e+03	1.04307e+00
1.14772e+03	1.03683e+00
1.14842e+03	1.03081e+00
1.14912e+03	1.02500e+00
1.14982e+03	1.01940e+00
1.15053e+03	1.01402e+00
1.15123e+03	1.00884e+00
1.15193e+03	1.00386e+00
1.15263e+03	9.99097e-01
1.15333e+03	9.94533e-01
1.15403e+03	9.90172e-01
1.15473e+03	9.86013e-01
1.15543e+03	9.82055e-01
1.15613e+03	9.78299e-01
1.15683e+03	9.74742e-01
1.15753e+03	9.71385e-01
1.15823e+03	9.68228e-01
1.15893e+03	9.65271e-01
1.15963e+03	9.62513e-01
1.16033e+03	9.59956e-01
1.16103e+03	9.57599e-01
1.16173e+03	9.55442e-01
1.16243e+03	9.53488e-01
1.16313e+03	9.51736e-01
1.16383e+03	9.50188e-01
1.16453e+03	9.48845e-01
1.16523e+03	9.47708e-01
1.16593e+03	9.46778e-01
1.16663e+03	9.46059e-01
1.16733e+03	9.45550e-01
1.16803e+03	9.45255e-01
1.16873e+03	9.45175e-01
1.16943e+03	9.45314e-01
1.17014e+03	9.45674e-01
1.17084e+03	9.46257e-01
1.17154e+03	9.47067e-01
1.17224e+03	9.48108e-01
1.17294e+03	9.49382e-01
1.17364e+03	9.50893e-01
1.17434e+03	9.52646e-01
1.17504e+03	9.54645e-01
1.17574e+03	9.56894e-01
1.17644e+03	9.59399e-01
1.17714e+03	9.62164e-01
1.17784e+03	9.65195e-01
1.17854e+03	9.68498e-01
1.17924e+03	9.72078e-01
1.17994e+03	9.75943e-01
1.18064e+03	9.80099e-01
1.18134e+03	9.84553e-01
1.18204e+03	9.89314e-01
1.18274e+03	9.94388e-01
1.18344e+03	9.99785e-01
1.18414e+03	1.00551e+00
1.18484e+03	1.01158e+00
1.18554e+03	1.01800e+00
1.18624e+03	1.02478e+00
1.18694e+03	1.03194e+00
1.18764e+03	1.03948e+00
1.18834e+03	1.04741e+00
1.18904e+03	1.05576e+00
1.18974e+03	1.06452e+00
1.19045e+03	1.07373e+00
1.19115e+03	1.08339e+00
1.19185e+03	1.09352e+00
1.19255e+03	1.10413e+00
1.19325e+03	1.11525e+00
1.19395e+03	1.12689e+00
1.19465e+03	1.13908e+00
1.19535e+03	1.15183e+00
1.19605e+03	1.16517e+00
1.19675e+03	1.17912e+00
1.19745e+03	1.19371e+00
1.19815e+03	1.20896e+00
1.19885e+03	1.22490e+00
1.19955e+03	1.24157e+00
1.20025e+03	1.25898e+00
1.20095e+03	1.27719e+00
1.20165e+03	1.29621e+00
1.20235e+03	1.31610e+00
1.20305e+03	1.33689e+00
1.20375e+03	1.35863e+00
1.20445e+03	1.38135e+00
1.20515e+03	1.40512e+00
1.20585e+03	1.42997e+00
1.20655e+03	1.45597e+00
1.20725e+03	1.48318e+00
1.20795e+03	1.51165e+00
1.20865e+03	1.54146e+00
1.20935e+03	1.57267e+00
1.21006e+03	1.60537e+00
1.21076e+03	1.63964e+00
1.21146e+03	1.67556e+00
1.21216e+03	1.71323e+00
1.21286e+03	1.75276e+00
1.21356e+03	1.79424e+00
1.21426e+03	1.83780e+00
1.21496e+03	1.88356e+00
1.21566e+03	1.93166e+00
1.21636e+03	1.98224e+00
1.21706e+03	2.03547e+00
1.21776e+03	2.09152e+00
1.21846e+03	2.15056e+00
1.21916e+03	2.21280e+00
1.21986e+03	2.27845e+00
1.22056e+03	2.34775e+00
1.22126e+03	2.42096e+00
1.22196e+03	2.49834e+00
1.22266e+03	2.58020e+00
1.22336e+03	2.66687e+00
1.22406e+03	2.75871e+00
1.22476e+03	2.85609e+00
1.22546e+03	2.95946e+00
1.22616e+03	3.06926e+00
1.22686e+03	3.18602e+00
1.22756e+03	3.31029e+00
1.22826e+03	3.44269e+00
1.22896e+03	3.58388e+00
1.22966e+03	3.73460e+00
1.23037e+03	3.89567e+00
1.23107e+03	4.06799e+00
1.23177e+03	4.25254e+00
1.23247e+03	4.45041e+00
1.23317e+03	4.66281e+00
1.23387e+03	4.89106e+00
1.23457e+03	5.13663e+00
1.23527e+03	5.40113e+00
1.23597e+03	5.68636e+00
1.23667e+03	5.99429e+00
1.23737e+03	6.32708e+00
1.23807e+03	6.68714e+00
1.23877e+03	7.07708e+00
1.23947e+03	7.49978e+00
1.24017e+03	7.95834e+00
1.24087e+03	8.45616e+00
1.24157e+03	8.99684e+00
1.24227e+03	9.58422e+00
1.24297e+03	1.02223e+01
1.24367e+03	1.09152e+01
1.24437e+03	1.16670e+01
1.24507e+03	1.24814e+01
1.24577e+03	1.33618e+01
1.24647e+03	1.43106e+01
1.24717e+03	1.53290e+01
1.24787e+03	1.64160e+01
1.24857e+03	1.75682e+01
1.24927e+03	1.87782e+01
1.24997e+03	2.00341e+01
1.25068e+03	2.13185e+01
1.25138e+03	2.26075e+01
1.25208e+03	2.38704e+01
1.25278e+03	2.50699e+01
1.25348e+03	2.61639e+01
1.25418e+03	2.71073e+01
1.25488e+03	2.78562e+01
1.25558e+03	2.83721e+01
1.25628e+03	2.86266e+01
1.25698e+03	2.86051e+01
1.25768e+03	2.83087e+01
1.25838e+03	2.77543e+01
1.25908e+03	2.69720e+01
1.25978e+03	2.60013e+01
1.26048e+03	2.48865e+01
1.26118e+03	2.36726e+01
1.26188e+03	2.24010e+01
1.26258e+03	2.11083e+01
1.26328e+03	1.98239e+01
1.26398e+03	1.85710e+01
1.26468e+03	1.73660e+01
1.26538e+03	1.62202e+01
1.26608e+03	1.51402e+01
1.26678e+03	1.41292e+01
1.26748e+03	1.31876e+01
1.26818e+03	1.23142e+01
1.26888e+03	1.15064e+01
1.26958e+03	1.07606e+01
1.27029e+03	1.00732e+01
1.27099e+03	9.43991e+00
1.27169e+03	8.85676e+00
1.27239e+03	8.31974e+00
1.27309e+03	7.82504e+00
1.27379e+03	7.36907e+00
1.27449e+03	6.94851e+00
1.27519e+03	6.56026e+00
1.27589e+03	6.20148e+00
1.27659e+03	5.86960e+00
1.27729e+03	5.56226e+00
1.27799e+03	5.27730e+00
1.27869e+03	5.01279e+00
1.27939e+03	4.76696e+00
1.28009e+03	4.53822e+00
1.28079e+03	4.32512e+00
1.28149e+03	4.12635e+00
1.28219e+03	3.94073e+00
1.28289e+03	3.76718e+00
1.28359e+03	3.60473e+00
1.28429e+03	3.45249e+00
1.28499e+03	3.30966e+00
1.28569e+03	3.17551e+00
1.28639e+03	3.04938e+00
1.28709e+03	2.93066e+00
1.28779e+03	2.81880e+00
1.28849e+03	2.71330e+00
1.28919e+03	2.61370e+00
1.28989e+03	2.51958e+00
1.29060e+03	2.43056e+00
1.29130e+03	2.34627e+00
1.29200e+03	2.26641e+00
1.29270e+03	2.19066e+00
1.29340e+03	2.11876e+00
1.29410e+03	2.05046e+00
1.29480e+03	1.98552e+00
1.29550e+03	1.92373e+00
1.29620e+03	1.86489e+00
1.29690e+03	1.80881e+00
1.29760e+03	1.75534e+00
1.29830e+03	1.70431e+00
1.29900e+03	1.65558e+00
1.29970e+03	1.60901e+00
1.30040e+03	1.56448e+00
1.30110e+03	1.52187e+00
1.30180e+03	1.48108e+00
1.30250e+03	1.44199e+00
1.30320e+03	1.40452e+00
1.30390e+03	1.36858e+00
1.30460e+03	1.33409e+00
1.30530e+03	1.30097e+00
1.30600e+03	1.26915e+00
1.30670e+03	1.23857e+00
1.30740e+03	1.20915e+00
1.30810e+03	1.18084e+00
1.30880e+03	1.15358e+00
1.30950e+03	1.12733e+00
1.31021e+03	1.10203e+00
1.31091e+03	1.07764e+00
1.31161e+03	1.05412e+00
1.31231e+03	1.03142e+00
1.31301e+03	1.00950e+00
1.31371e+03	9.88338e-01
1.31441e+03	9.67887e-01
1.31511e+03	9.48120e-01
1.31581e+03	9.29005e-01
1.31651e+03	9.10514e-01
1.31721e+03	8.92620e-01
1.31791e+03	8.75297e-01
1.31861e+03	8.58521e-01
1.31931e+03	8.42268e-01
1.32001e+03	8.26517e-01
1.32071e+03	8.11247e-01
1.32141e+03	7.96437e-01
1.32211e+03	7.82071e-01
1.32281e+03	7.68128e-01
1.32351e+03	7.54594e-01
1.32421e+03	7.41451e-01
1.32491e+03	7.28685e-01
1.32561e+03	7.16281e-01
1.32631e+03	7.04225e-01
1.32701e+03	6.92503e-01
1.32771e+03	6.81104e-01
1.32841e+03	6.70016e-01
1.32911e+03	6.59226e-01
1.32981e+03	6.48724e-01
1.33052e+03	6.38500e-01
1.33122e+03	6.28543e-01
1.33192e+03	6.18844e-01
1.33262e+03	6.09395e-01
1.33332e+03	6.00185e-01
1.33402e+03	5.91208e-01
1.33472e+03	5.82455e-01
1.33542e+03	5.73918e-01
1.33612e+03	5.65591e-01
1.33682e+03	5.57465e-01
1.33752e+03	5.49535e-01
1.33822e+03	5.41794e-01
1.33892e+03	5.34236e-01
1.33962e+03	5.26855e-01
1.34032e+03	5.19645e-01
1.34102e+03	5.12601e-01
1.34172e+03	5.05718e-01
1.34242e+03	4.98990e-01
1.34312e+03	4.92413e-01
1.34382e+03	4.85983e-01
1.34452e+03	4.79693e-01
1.34522e+03	4.73542e-01
1.34592e+03	4.67523e-01
1.34662e+03	4.61634e-01
1.34732e+03	4.55871e-01
1.34802e+03	4.50229e-01
1.34872e+03	4.44705e-01
1.34942e+03	4.39296e-01
1.35013e+03	4.33999e-01
1.35083e+03	4.28810e-01
1.35153e+03	4.23727e-01
1.35223e+03	4.18745e-01
1.35293e+03	4.13864e-01
1.35363e+03	4.09079e-01
1.35433e+03	4.04388e-01
1.35503e+03	3.99788e-01
1.35573e+03	3.95278e-01
1.35643e+03	3.90854e-01
1.35713e+03	3.86515e-01
1.35783e+03	3.82257e-01
1.35853e+03	3.78080e-01
1.35923e+03	3.73981e-01
1.35993e+03	3.69957e-01
1.36063e+03	3.66007e-01
1.36133e+03	3.62130e-01
1.36203e+03	3.58322e-01
1.36273e+03	3.54583e-01
1.36343e+03	3.50911e-01
1.36413e+03	3.47303e-01
1.36483e+03	3.43759e-01
1.36553e+03	3.40277e-01
1.36623e+03	3.36855e-01
1.36693e+03	3.33492e-01
1.36763e+03	3.30187e-01
1.36833e+03	3.26938e-01
1.36903e+03	3.23743e-01
1.36973e+03	3.20602e-01
1.37044e+03	3.17513e-01
1.37114e+03	3.14476e-01
1.37184e+03	3.11488e-01
1.37254e+03	3.08548e-01
1.37324e+03	3.05657e-01
1.37394e+03	3.02811e-01
1.37464e+03	3.00012e-01
1.37534e+03	2.97256e-01
1.37604e+03	2.94544e-01
1.37674e+03	2.91875e-01
1.37744e+03	2.89247e-01
1.37814e+03	2.86659e-01
1.37884e+03	2.84112e-01
1.37954e+03	2.81603e-01
1.38024e+03	2.79132e-01
1.38094e+03	2.76699e-01
1.38164e+03	2.74302e-01
1.38234e+03	2.71940e-01
1.38304e+03	2.69614e-01
1.38374e+03	2.67321e-01
1.38444e+03	2.65063e-01
1.38514e+03	2.62837e-01
1.38584e+03	2.60643e-01
1.38654e+03	2.58480e-01
1.38724e+03	2.56349e-01
1.38794e+03	2.54247e-01
1.38864e+03	2.52175e-01
1.38934e+03	2.50132e-01
1.39005e+03	2.48118e-01
1.39075e+03	2.46131e-01
1.39145e+03	2.44172e-01
1.39215e+03	2.42240e-01
1.39285e+03	2.40334e-01
1.39355e+03	2.38453e-01
1.39425e+03	2.36598e-01
1.39495e+03	2.34768e-01
1.39565e+03	2.32961e-01
1.39635e+03	2.31179e-01
1.39705e+03	2.29420e-01
1.39775e+03	2.27685e-01
1.39845e+03	2.25971e-01
1.39915e+03	2.24280e-01
1.39985e+03	2.22611e-01
1.40055e+03	2.20963e-01
1.40125e+03	2.19335e-01
1.40195e+03	2.17729e-01
1.40265e+03	2.16142e-01
1.40335e+03	2.14576e-01
1.40405e+03	2.13029e-01
1.40475e+03	2.11501e-01
1.40545e+03	2.09991e-01
1.40615e+03	2.08501e-01
1.40685e+03	2.07028e-01
1.40755e+03	2.05573e-01
1.40825e+03	2.04136e-01
1.40895e+03	2.02716e-01
1.40965e+03	2.01313e-01
1.41036e+03	1.99926e-01
1.41106e+03	1.98556e-01
1.41176e+03	1.97202e-01
1.41246e+03	1.95864e-01
1.41316e+03	1.94541e-01
1.41386e+03	1.93234e-01
1.41456e+03	1.91941e-01
1.41526e+03	1.90664e-01
1.41596e+03	1.89401e-01
1.41666e+03	1.88152e-01
1.41736e+03	1.86917e-01
1.41806e+03	1.85696e-01
1.41876e+03	1.84489e-01
1.41946e+03	1.83295e-01
1.42016e+03	1.82115e-01
1.42086e+03	1.80947e-01
1.42156e+03	1.79792e-01
1.42226e+03	1.78650e-01
1.42296e+03	1.77520e-01
1.42366e+03	1.76402e-01
1.42436e+03	1.75297e-01
1.42506e+03	1.74203e-01
1.42576e+03	1.73120e-01
1.42646e+03	1.72050e-01
1.42716e+03	1.70990e-01
1.42786e+03	1.69942e-01
1.42856e+03	1.68904e-01
1.42926e+03	1.67878e-01
1.42996e+03	1.66862e-01
1.43067e+03	1.65856e-01
1.43137e+03	1.64861e-01
1.43207e+03	1.63876e-01
1.43277e+03	1.62901e-01
1.43347e+03	1.61935e-01
1.43417e+03	1.60980e-01
1.43487e+03	1.60034e-01
1.43557e+03	1.59098e-01
1.43627e+03	1.58170e-01
1.43697e+03	1.57253e-01
1.43767e+03	1.56344e-01
1.43837e+03	1.55444e-01
1.43907e+03	1.54552e-01
1.43977e+03	1.53670e-01
1.44047e+03	1.52796e-01
1.44117e+03	1.51930e-01
1.44187e+03	1.51073e-01
1.44257e+03	1.50224e-01
1.44327e+03	1.49383e-01
1.44397e+03	1.48550e-01
1.44467e+03	1.47725e-01
1.44537e+03	1.46907e-01
1.44607e+03	1.46097e-01
1.44677e+03	1.45295e-01
1.44747e+03	1.44500e-01
1.44817e+03	1.43713e-01
1.44887e+03	1.42933e-01
1.44957e+03	1.42160e-01
1.45028e+03	1.41394e-01
1.45098e+03	1.40635e-01
1.45168e+03	1.39883e-01
1.45238e+03	1.39138e-01
1.45308e+03	1.38399e-01
1.45378e+03	1.37667e-01
1.45448e+03	1.36941e-01
1.45518e+03	1.36222e-01
1.45588e+03	1.35510e-01
1.45658e+03	1.34803e-01
1.45728e+03	1.34103e-01
1.45798e+03	1.33409e-01
1.45868e+03	1.32721e-01
1.45938e+03	1.32039e-01
1.46008e+03	1.31363e-01
1.46078e+03	1.30693e-01
1.46148e+03	1.30028e-01
1.46218e+03	1.29369e-01
1.46288e+03	1.28716e-01
1.46358e+03	1.28068e-01
1.46428e+03	1.27426e-01
1.46498e+03	1.26789e-01
1.46568e+03	1.26157e-01
1.46638e+03	1.25531e-01
1.46708e+03	1.24910e-01
1.46778e+03	1.24294e-01
1.46848e+03	1.23683e-01
1.46918e+03	1.23078e-01
1.46988e+03	1.22477e-01
1.47059e+03	1.21881e-01
1.47129e+03	1.21290e-01
1.47199e+03	1.20704e-01
1.47269e+03	1.20122e-01
1.47339e+03	1.19545e-01
1.47409e+03	1.18973e-01
1.47479e+03	1.18406e-01
1.47549e+03	1.17843e-01
1.47619e+03	1.17284e-01
1.47689e+03	1.16730e-01
1.47759e+03	1.16180e-01
1.47829e+03	1.15634e-01
1.47899e+03	1.15093e-01
1.47969e+03	1.14556e-01
1.48039e+03	1.14023e-01
1.48109e+03	1.13495e-01
1.48179e+03	1.12970e-01
1.48249e+03	1.12450e-01
1.48319e+03	1.11933e-01
1.48389e+03	1.11420e-01
1.48459e+03	1.10912e-01
1.48529e+03	1.10407e-01
1.48599e+03	1.09906e-01
1.48669e+03	1.09409e-01
1.48739e+03	1.08915e-01
1.48809e+03	1.08425e-01
1.48879e+03	1.07939e-01
1.48949e+03	1.07457e-01
1.49020e+03	1.06978e-01
1.49090e+03	1.06502e-01
1.49160e+03	1.06030e-01
1.49230e+03	1.05562e-01
1.49300e+03	1.05097e-01
1.49370e+03	1.04635e-01
1.49440e+03	1.04177e-01
1.49510e+03	1.03722e-01
1.49580e+03	1.03271e-01
1.49650e+03	1.02822e-01
1.49720e+03	1.02377e-01
1.49790e+03	1.01935e-01
1.49860e+03	1.01496e-01
1.49930e+03	1.01061e-01
1.50000e+03	1.00628e-01
