# File written by the predict_spectrum.py script.
# frequency (cm^-1)	Intensity
1.00000e+02	3.09678e+02
1.00700e+02	3.12436e+02
1.01401e+02	3.15232e+02
1.02101e+02	3.18067e+02
1.02801e+02	3.20942e+02
1.03502e+02	3.23857e+02
1.04202e+02	3.26813e+02
1.04902e+02	3.29811e+02
1.05603e+02	3.32851e+02
1.06303e+02	3.35934e+02
1.07004e+02	3.39061e+02
1.07704e+02	3.42232e+02
1.08404e+02	3.45449e+02
1.09105e+02	3.48713e+02
1.09805e+02	3.52023e+02
1.10505e+02	3.55381e+02
1.11206e+02	3.58789e+02
1.11906e+02	3.62246e+02
1.12606e+02	3.65753e+02
1.13307e+02	3.69313e+02
1.14007e+02	3.72925e+02
1.14707e+02	3.76591e+02
1.15408e+02	3.80312e+02
1.16108e+02	3.84089e+02
1.16808e+02	3.87922e+02
1.17509e+02	3.91814e+02
1.18209e+02	3.95765e+02
1.18909e+02	3.99777e+02
1.19610e+02	4.03850e+02
1.20310e+02	4.07986e+02
1.21011e+02	4.12187e+02
1.21711e+02	4.16453e+02
1.22411e+02	4.20786e+02
1.23112e+02	4.25188e+02
1.23812e+02	4.29659e+02
1.24512e+02	4.34201e+02
1.25213e+02	4.38817e+02
1.25913e+02	4.43506e+02
1.26613e+02	4.48272e+02
1.27314e+02	4.53115e+02
1.28014e+02	4.58038e+02
1.28714e+02	4.63042e+02
1.29415e+02	4.68128e+02
1.30115e+02	4.73299e+02
1.30815e+02	4.78557e+02
1.31516e+02	4.83903e+02
1.32216e+02	4.89339e+02
1.32916e+02	4.94869e+02
1.33617e+02	5.00492e+02
1.34317e+02	5.06213e+02
1.35018e+02	5.12033e+02
1.35718e+02	5.17954e+02
1.36418e+02	5.23979e+02
1.37119e+02	5.30110e+02
1.37819e+02	5.36349e+02
1.38519e+02	5.42700e+02
1.39220e+02	5.49165e+02
1.39920e+02	5.55747e+02
1.40620e+02	5.62448e+02
1.41321e+02	5.69271e+02
1.42021e+02	5.76221e+02
1.42721e+02	5.83298e+02
1.43422e+02	5.90507e+02
1.44122e+02	5.97852e+02
1.44822e+02	6.05335e+02
1.45523e+02	6.12960e+02
1.46223e+02	6.20730e+02
1.46923e+02	6.28650e+02
1.47624e+02	6.36723e+02
1.48324e+02	6.44953e+02
1.49025e+02	6.53344e+02
1.49725e+02	6.61901e+02
1.50425e+02	6.70628e+02
1.51126e+02	6.79530e+02
1.51826e+02	6.88611e+02
1.52526e+02	6.97875e+02
1.53227e+02	7.07329e+02
1.53927e+02	7.16977e+02
1.54627e+02	7.26825e+02
1.55328e+02	7.36878e+02
1.56028e+02	7.47142e+02
1.56728e+02	7.57623e+02
1.57429e+02	7.68327e+02
1.58129e+02	7.79261e+02
1.58829e+02	7.90431e+02
1.59530e+02	8.01844e+02
1.60230e+02	8.13507e+02
1.60930e+02	8.25428e+02
1.61631e+02	8.37614e+02
1.62331e+02	8.50074e+02
1.63032e+02	8.62815e+02
1.63732e+02	8.75846e+02
1.64432e+02	8.89176e+02
1.65133e+02	9.02814e+02
1.65833e+02	9.16771e+02
1.66533e+02	9.31055e+02
1.67234e+02	9.45677e+02
1.67934e+02	9.60649e+02
1.68634e+02	9.75981e+02
1.69335e+02	9.91685e+02
1.70035e+02	1.00777e+03
1.70735e+02	1.02426e+03
1.71436e+02	1.04116e+03
1.72136e+02	1.05848e+03
1.72836e+02	1.07623e+03
1.73537e+02	1.09445e+03
1.74237e+02	1.11313e+03
1.74937e+02	1.13229e+03
1.75638e+02	1.15196e+03
1.76338e+02	1.17215e+03
1.77039e+02	1.19288e+03
1.77739e+02	1.21417e+03
1.78439e+02	1.23603e+03
1.79140e+02	1.25850e+03
1.79840e+02	1.28159e+03
1.80540e+02	1.30532e+03
1.81241e+02	1.32973e+03
1.81941e+02	1.35483e+03
1.82641e+02	1.38066e+03
1.83342e+02	1.40723e+03
1.84042e+02	1.43459e+03
1.84742e+02	1.46276e+03
1.85443e+02	1.49177e+03
1.86143e+02	1.52167e+03
1.86843e+02	1.55248e+03
1.87544e+02	1.58424e+03
1.88244e+02	1.61700e+03
1.88944e+02	1.65080e+03
1.89645e+02	1.68568e+03
1.90345e+02	1.72169e+03
1.91046e+02	1.75888e+03
1.91746e+02	1.79730e+03
1.92446e+02	1.83701e+03
1.93147e+02	1.87807e+03
1.93847e+02	1.92053e+03
1.94547e+02	1.96446e+03
1.95248e+02	2.00992e+03
1.95948e+02	2.05698e+03
1.96648e+02	2.10571e+03
1.97349e+02	2.15618e+03
1.98049e+02	2.20847e+03
1.98749e+02	2.26270e+03
1.99450e+02	2.31897e+03
2.00150e+02	2.37738e+03
2.00850e+02	2.43806e+03
2.01551e+02	2.50113e+03
2.02251e+02	2.56673e+03
2.02951e+02	2.63497e+03
2.03652e+02	2.70602e+03
2.04352e+02	2.78003e+03
2.05053e+02	2.85715e+03
2.05753e+02	2.93756e+03
2.06453e+02	3.02145e+03
2.07154e+02	3.10902e+03
2.07854e+02	3.20048e+03
2.08554e+02	3.29607e+03
2.09255e+02	3.39607e+03
2.09955e+02	3.50074e+03
2.10655e+02	3.61040e+03
2.11356e+02	3.72537e+03
2.12056e+02	3.84601e+03
2.12756e+02	3.97270e+03
2.13457e+02	4.10584e+03
2.14157e+02	4.24590e+03
2.14857e+02	4.39336e+03
2.15558e+02	4.54876e+03
2.16258e+02	4.71267e+03
2.16958e+02	4.88574e+03
2.17659e+02	5.06866e+03
2.18359e+02	5.26219e+03
2.19060e+02	5.46719e+03
2.19760e+02	5.68456e+03
2.20460e+02	5.91535e+03
2.21161e+02	6.16069e+03
2.21861e+02	6.42185e+03
2.22561e+02	6.70023e+03
2.23262e+02	6.99741e+03
2.23962e+02	7.31513e+03
2.24662e+02	7.65534e+03
2.25363e+02	8.02023e+03
2.26063e+02	8.41226e+03
2.26763e+02	8.83419e+03
2.27464e+02	9.28917e+03
2.28164e+02	9.78075e+03
2.28864e+02	1.03130e+04
2.29565e+02	1.08905e+04
2.30265e+02	1.15185e+04
2.30965e+02	1.22031e+04
2.31666e+02	1.29514e+04
2.32366e+02	1.37714e+04
2.33067e+02	1.46724e+04
2.33767e+02	1.56656e+04
2.34467e+02	1.67637e+04
2.35168e+02	1.79818e+04
2.35868e+02	1.93380e+04
2.36568e+02	2.08533e+04
2.37269e+02	2.25532e+04
2.37969e+02	2.44679e+04
2.38669e+02	2.66340e+04
2.39370e+02	2.90954e+04
2.40070e+02	3.19056e+04
2.40770e+02	3.51293e+04
2.41471e+02	3.88455e+04
2.42171e+02	4.31504e+04
2.42871e+02	4.81607e+04
2.43572e+02	5.40171e+04
2.44272e+02	6.08868e+04
2.44972e+02	6.89634e+04
2.45673e+02	7.84608e+04
2.46373e+02	8.95948e+04
2.47074e+02	1.02542e+05
2.47774e+02	1.17361e+05
2.48474e+02	1.33862e+05
2.49175e+02	1.51422e+05
2.49875e+02	1.68798e+05
2.50575e+02	1.84066e+05
2.51276e+02	1.94913e+05
2.51976e+02	1.99346e+05
2.52676e+02	1.96562e+05
2.53377e+02	1.87354e+05
2.54077e+02	1.73719e+05
2.54777e+02	1.58000e+05
2.55478e+02	1.42164e+05
2.56178e+02	1.27503e+05
2.56878e+02	1.14690e+05
2.57579e+02	1.03967e+05
2.58279e+02	9.53313e+04
2.58979e+02	8.86715e+04
2.59680e+02	8.38471e+04
2.60380e+02	8.07335e+04
2.61081e+02	7.92425e+04
2.61781e+02	7.93282e+04
2.62481e+02	8.09837e+04
2.63182e+02	8.42269e+04
2.63882e+02	8.90709e+04
2.64582e+02	9.54717e+04
2.65283e+02	1.03242e+05
2.65983e+02	1.11935e+05
2.66683e+02	1.20721e+05
2.67384e+02	1.28351e+05
2.68084e+02	1.33340e+05
2.68784e+02	1.34410e+05
2.69485e+02	1.31033e+05
2.70185e+02	1.23685e+05
2.70885e+02	1.13597e+05
2.71586e+02	1.02214e+05
2.72286e+02	9.07441e+04
2.72986e+02	7.99685e+04
2.73687e+02	7.02799e+04
2.74387e+02	6.17970e+04
2.75088e+02	5.44816e+04
2.75788e+02	4.82206e+04
2.76488e+02	4.28763e+04
2.77189e+02	3.83119e+04
2.77889e+02	3.44036e+04
2.78589e+02	3.10445e+04
2.79290e+02	2.81444e+04
2.79990e+02	2.56285e+04
2.80690e+02	2.34349e+04
2.81391e+02	2.15129e+04
2.82091e+02	1.98205e+04
2.82791e+02	1.83234e+04
2.83492e+02	1.69930e+04
2.84192e+02	1.58057e+04
2.84892e+02	1.47417e+04
2.85593e+02	1.37846e+04
2.86293e+02	1.29204e+04
2.86993e+02	1.21375e+04
2.87694e+02	1.14258e+04
2.88394e+02	1.07769e+04
2.89095e+02	1.01836e+04
2.89795e+02	9.63951e+03
2.90495e+02	9.13934e+03
2.91196e+02	8.67839e+03
2.91896e+02	8.25260e+03
2.92596e+02	7.85841e+03
2.93297e+02	7.49273e+03
2.93997e+02	7.15280e+03
2.94697e+02	6.83623e+03
2.95398e+02	6.54089e+03
2.96098e+02	6.26486e+03
2.96798e+02	6.00649e+03
2.97499e+02	5.76425e+03
2.98199e+02	5.53681e+03
2.98899e+02	5.32296e+03
2.99600e+02	5.12162e+03
3.00300e+02	4.93181e+03
3.01001e+02	4.75265e+03
3.01701e+02	4.58335e+03
3.02401e+02	4.42317e+03
3.03102e+02	4.27146e+03
3.03802e+02	4.12762e+03
3.04502e+02	3.99111e+03
3.05203e+02	3.86142e+03
3.05903e+02	3.73811e+03
3.06603e+02	3.62075e+03
3.07304e+02	3.50895e+03
3.08004e+02	3.40237e+03
3.08704e+02	3.30069e+03
3.09405e+02	3.20359e+03
3.10105e+02	3.11080e+03
3.10805e+02	3.02207e+03
3.11506e+02	2.93716e+03
3.12206e+02	2.85585e+03
3.12906e+02	2.77794e+03
3.13607e+02	2.70323e+03
3.14307e+02	2.63155e+03
3.15008e+02	2.56274e+03
3.15708e+02	2.49664e+03
3.16408e+02	2.43311e+03
3.17109e+02	2.37201e+03
3.17809e+02	2.31323e+03
3.18509e+02	2.25664e+03
3.19210e+02	2.20214e+03
3.19910e+02	2.14962e+03
3.20610e+02	2.09898e+03
3.21311e+02	2.05014e+03
3.22011e+02	2.00301e+03
3.22711e+02	1.95751e+03
3.23412e+02	1.91357e+03
3.24112e+02	1.87111e+03
3.24812e+02	1.83006e+03
3.25513e+02	1.79037e+03
3.26213e+02	1.75198e+03
3.26913e+02	1.71482e+03
3.27614e+02	1.67885e+03
3.28314e+02	1.64401e+03
3.29015e+02	1.61026e+03
3.29715e+02	1.57756e+03
3.30415e+02	1.54584e+03
3.31116e+02	1.51509e+03
3.31816e+02	1.48526e+03
3.32516e+02	1.45631e+03
3.33217e+02	1.42820e+03
3.33917e+02	1.40091e+03
3.34617e+02	1.37441e+03
3.35318e+02	1.34865e+03
3.36018e+02	1.32363e+03
3.36718e+02	1.29930e+03
3.37419e+02	1.27564e+03
3.38119e+02	1.25262e+03
3.38819e+02	1.23023e+03
3.39520e+02	1.20845e+03
3.40220e+02	1.18724e+03
3.40920e+02	1.16659e+03
3.41621e+02	1.14647e+03
3.42321e+02	1.12688e+03
3.43022e+02	1.10779e+03
3.43722e+02	1.08919e+03
3.44422e+02	1.07105e+03
3.45123e+02	1.05337e+03
3.45823e+02	1.03613e+03
3.46523e+02	1.01931e+03
3.47224e+02	1.00289e+03
3.47924e+02	9.86879e+02
3.48624e+02	9.71247e+02
3.49325e+02	9.55987e+02
3.50025e+02	9.41086e+02
3.50725e+02	9.26533e+02
3.51426e+02	9.12318e+02
3.52126e+02	8.98430e+02
3.52826e+02	8.84859e+02
3.53527e+02	8.71595e+02
3.54227e+02	8.58630e+02
3.54927e+02	8.45953e+02
3.55628e+02	8.33557e+02
3.56328e+02	8.21433e+02
3.57029e+02	8.09574e+02
3.57729e+02	7.97971e+02
3.58429e+02	7.86617e+02
3.59130e+02	7.75506e+02
3.59830e+02	7.64630e+02
3.60530e+02	7.53982e+02
3.61231e+02	7.43557e+02
3.61931e+02	7.33347e+02
3.62631e+02	7.23348e+02
3.63332e+02	7.13553e+02
3.64032e+02	7.03957e+02
3.64732e+02	6.94554e+02
3.65433e+02	6.85339e+02
3.66133e+02	6.76307e+02
3.66833e+02	6.67454e+02
3.67534e+02	6.58774e+02
3.68234e+02	6.50264e+02
3.68934e+02	6.41918e+02
3.69635e+02	6.33733e+02
3.70335e+02	6.25704e+02
3.71036e+02	6.17827e+02
3.71736e+02	6.10099e+02
3.72436e+02	6.02516e+02
3.73137e+02	5.95074e+02
3.73837e+02	5.87769e+02
3.74537e+02	5.80599e+02
3.75238e+02	5.73560e+02
3.75938e+02	5.66649e+02
3.76638e+02	5.59862e+02
3.77339e+02	5.53198e+02
3.78039e+02	5.46652e+02
3.78739e+02	5.40222e+02
3.79440e+02	5.33905e+02
3.80140e+02	5.27699e+02
3.80840e+02	5.21601e+02
3.81541e+02	5.15609e+02
3.82241e+02	5.09719e+02
3.82941e+02	5.03931e+02
3.83642e+02	4.98240e+02
3.84342e+02	4.92646e+02
3.85043e+02	4.87147e+02
3.85743e+02	4.81739e+02
3.86443e+02	4.76421e+02
3.87144e+02	4.71190e+02
3.87844e+02	4.66046e+02
3.88544e+02	4.60986e+02
3.89245e+02	4.56008e+02
3.89945e+02	4.51111e+02
3.90645e+02	4.46293e+02
3.91346e+02	4.41551e+02
3.92046e+02	4.36885e+02
3.92746e+02	4.32293e+02
3.93447e+02	4.27773e+02
3.94147e+02	4.23324e+02
3.94847e+02	4.18944e+02
3.95548e+02	4.14632e+02
3.96248e+02	4.10386e+02
3.96948e+02	4.06206e+02
3.97649e+02	4.02089e+02
3.98349e+02	3.98035e+02
3.99050e+02	3.94042e+02
3.99750e+02	3.90108e+02
4.00450e+02	3.86234e+02
4.01151e+02	3.82417e+02
4.01851e+02	3.78657e+02
4.02551e+02	3.74952e+02
4.03252e+02	3.71302e+02
4.03952e+02	3.67704e+02
4.04652e+02	3.64159e+02
4.05353e+02	3.60665e+02
4.06053e+02	3.57221e+02
4.06753e+02	3.53827e+02
4.07454e+02	3.50480e+02
4.08154e+02	3.47181e+02
4.08854e+02	3.43929e+02
4.09555e+02	3.40722e+02
4.10255e+02	3.37560e+02
4.10955e+02	3.34442e+02
4.11656e+02	3.31367e+02
4.12356e+02	3.28334e+02
4.13057e+02	3.25343e+02
4.13757e+02	3.22393e+02
4.14457e+02	3.19483e+02
4.15158e+02	3.16612e+02
4.15858e+02	3.13779e+02
4.16558e+02	3.10985e+02
4.17259e+02	3.08228e+02
4.17959e+02	3.05507e+02
4.18659e+02	3.02823e+02
4.19360e+02	3.00173e+02
4.20060e+02	2.97559e+02
4.20760e+02	2.94978e+02
4.21461e+02	2.92431e+02
4.22161e+02	2.89917e+02
4.22861e+02	2.87436e+02
4.23562e+02	2.84986e+02
4.24262e+02	2.82567e+02
4.24962e+02	2.80179e+02
4.25663e+02	2.77822e+02
4.26363e+02	2.75494e+02
4.27064e+02	2.73195e+02
4.27764e+02	2.70925e+02
4.28464e+02	2.68683e+02
4.29165e+02	2.66469e+02
4.29865e+02	2.64282e+02
4.30565e+02	2.62122e+02
4.31266e+02	2.59989e+02
4.31966e+02	2.57881e+02
4.32666e+02	2.55799e+02
4.33367e+02	2.53743e+02
4.34067e+02	2.51711e+02
4.34767e+02	2.49703e+02
4.35468e+02	2.47719e+02
4.36168e+02	2.45759e+02
4.36868e+02	2.43822e+02
4.37569e+02	2.41908e+02
4.38269e+02	2.40017e+02
4.38969e+02	2.38148e+02
4.39670e+02	2.36300e+02
4.40370e+02	2.34474e+02
4.41071e+02	2.32669e+02
4.41771e+02	2.30885e+02
4.42471e+02	2.29121e+02
4.43172e+02	2.27378e+02
4.43872e+02	2.25654e+02
4.44572e+02	2.23950e+02
4.45273e+02	2.22265e+02
4.45973e+02	2.20599e+02
4.46673e+02	2.18952e+02
4.47374e+02	2.17323e+02
4.48074e+02	2.15713e+02
4.48774e+02	2.14120e+02
4.49475e+02	2.12545e+02
4.50175e+02	2.10987e+02
4.50875e+02	2.09446e+02
4.51576e+02	2.07922e+02
4.52276e+02	2.06415e+02
4.52976e+02	2.04924e+02
4.53677e+02	2.03449e+02
4.54377e+02	2.01991e+02
4.55078e+02	2.00547e+02
4.55778e+02	1.99119e+02
4.56478e+02	1.97707e+02
4.57179e+02	1.96309e+02
4.57879e+02	1.94927e+02
4.58579e+02	1.93558e+02
4.59280e+02	1.92205e+02
4.59980e+02	1.90865e+02
4.60680e+02	1.89539e+02
4.61381e+02	1.88227e+02
4.62081e+02	1.86929e+02
4.62781e+02	1.85644e+02
4.63482e+02	1.84372e+02
4.64182e+02	1.83114e+02
4.64882e+02	1.81868e+02
4.65583e+02	1.80635e+02
4.66283e+02	1.79414e+02
4.66983e+02	1.78206e+02
4.67684e+02	1.77010e+02
4.68384e+02	1.75826e+02
4.69085e+02	1.74654e+02
4.69785e+02	1.73494e+02
4.70485e+02	1.72345e+02
4.71186e+02	1.71207e+02
4.71886e+02	1.70081e+02
4.72586e+02	1.68966e+02
4.73287e+02	1.67861e+02
4.73987e+02	1.66768e+02
4.74687e+02	1.65685e+02
4.75388e+02	1.64613e+02
4.76088e+02	1.63551e+02
4.76788e+02	1.62500e+02
4.77489e+02	1.61458e+02
4.78189e+02	1.60427e+02
4.78889e+02	1.59405e+02
4.79590e+02	1.58393e+02
4.80290e+02	1.57391e+02
4.80990e+02	1.56398e+02
4.81691e+02	1.55415e+02
4.82391e+02	1.54440e+02
4.83092e+02	1.53475e+02
4.83792e+02	1.52519e+02
4.84492e+02	1.51572e+02
4.85193e+02	1.50634e+02
4.85893e+02	1.49705e+02
4.86593e+02	1.48784e+02
4.87294e+02	1.47871e+02
4.87994e+02	1.46967e+02
4.88694e+02	1.46071e+02
4.89395e+02	1.45184e+02
4.90095e+02	1.44304e+02
4.90795e+02	1.43432e+02
4.91496e+02	1.42569e+02
4.92196e+02	1.41713e+02
4.92896e+02	1.40865e+02
4.93597e+02	1.40024e+02
4.94297e+02	1.39191e+02
4.94997e+02	1.38365e+02
4.95698e+02	1.37547e+02
4.96398e+02	1.36736e+02
4.97099e+02	1.35932e+02
4.97799e+02	1.35135e+02
4.98499e+02	1.34345e+02
4.99200e+02	1.33562e+02
4.99900e+02	1.32786e+02
5.00600e+02	1.32016e+02
5.01301e+02	1.31254e+02
5.02001e+02	1.30497e+02
5.02701e+02	1.29748e+02
5.03402e+02	1.29005e+02
5.04102e+02	1.28268e+02
5.04802e+02	1.27537e+02
5.05503e+02	1.26813e+02
5.06203e+02	1.26095e+02
5.06903e+02	1.25383e+02
5.07604e+02	1.24677e+02
5.08304e+02	1.23977e+02
5.09005e+02	1.23283e+02
5.09705e+02	1.22595e+02
5.10405e+02	1.21912e+02
5.11106e+02	1.21235e+02
5.11806e+02	1.20564e+02
5.12506e+02	1.19898e+02
5.13207e+02	1.19238e+02
5.13907e+02	1.18583e+02
5.14607e+02	1.17934e+02
5.15308e+02	1.17290e+02
5.16008e+02	1.16651e+02
5.16708e+02	1.16018e+02
5.17409e+02	1.15389e+02
5.18109e+02	1.14766e+02
5.18809e+02	1.14148e+02
5.19510e+02	1.13534e+02
5.20210e+02	1.12926e+02
5.20910e+02	1.12323e+02
5.21611e+02	1.11724e+02
5.22311e+02	1.11130e+02
5.23012e+02	1.10541e+02
5.23712e+02	1.09956e+02
5.24412e+02	1.09377e+02
5.25113e+02	1.08801e+02
5.25813e+02	1.08231e+02
5.26513e+02	1.07664e+02
5.27214e+02	1.07103e+02
5.27914e+02	1.06545e+02
5.28614e+02	1.05992e+02
5.29315e+02	1.05443e+02
5.30015e+02	1.04899e+02
5.30715e+02	1.04358e+02
5.31416e+02	1.03822e+02
5.32116e+02	1.03290e+02
5.32816e+02	1.02762e+02
5.33517e+02	1.02238e+02
5.34217e+02	1.01719e+02
5.34917e+02	1.01203e+02
5.35618e+02	1.00691e+02
5.36318e+02	1.00182e+02
5.37019e+02	9.96782e+01
5.37719e+02	9.91777e+01
5.38419e+02	9.86810e+01
5.39120e+02	9.81880e+01
5.39820e+02	9.76986e+01
5.40520e+02	9.72130e+01
5.41221e+02	9.67309e+01
5.41921e+02	9.62524e+01
5.42621e+02	9.57775e+01
5.43322e+02	9.53061e+01
5.44022e+02	9.48381e+01
5.44722e+02	9.43736e+01
5.45423e+02	9.39125e+01
5.46123e+02	9.34548e+01
5.46823e+02	9.30004e+01
5.47524e+02	9.25493e+01
5.48224e+02	9.21015e+01
5.48924e+02	9.16570e+01
5.49625e+02	9.12157e+01
5.50325e+02	9.07775e+01
5.51026e+02	9.03425e+01
5.51726e+02	8.99106e+01
5.52426e+02	8.94818e+01
5.53127e+02	8.90561e+01
5.53827e+02	8.86334e+01
5.54527e+02	8.82137e+01
5.55228e+02	8.77970e+01
5.55928e+02	8.73832e+01
5.56628e+02	8.69723e+01
5.57329e+02	8.65644e+01
5.58029e+02	8.61593e+01
5.58729e+02	8.57570e+01
5.59430e+02	8.53576e+01
5.60130e+02	8.49609e+01
5.60830e+02	8.45670e+01
5.61531e+02	8.41759e+01
5.62231e+02	8.37874e+01
5.62931e+02	8.34017e+01
5.63632e+02	8.30186e+01
5.64332e+02	8.26381e+01
5.65033e+02	8.22602e+01
5.65733e+02	8.18850e+01
5.66433e+02	8.15123e+01
5.67134e+02	8.11421e+01
5.67834e+02	8.07744e+01
5.68534e+02	8.04093e+01
5.69235e+02	8.00466e+01
5.69935e+02	7.96864e+01
5.70635e+02	7.93286e+01
5.71336e+02	7.89732e+01
5.72036e+02	7.86201e+01
5.72736e+02	7.82695e+01
5.73437e+02	7.79212e+01
5.74137e+02	7.75752e+01
5.74837e+02	7.72315e+01
5.75538e+02	7.68901e+01
5.76238e+02	7.65510e+01
5.76938e+02	7.62140e+01
5.77639e+02	7.58794e+01
5.78339e+02	7.55469e+01
5.79040e+02	7.52166e+01
5.79740e+02	7.48884e+01
5.80440e+02	7.45624e+01
5.81141e+02	7.42386e+01
5.81841e+02	7.39168e+01
5.82541e+02	7.35971e+01
5.83242e+02	7.32795e+01
5.83942e+02	7.29640e+01
5.84642e+02	7.26504e+01
5.85343e+02	7.23389e+01
5.86043e+02	7.20294e+01
5.86743e+02	7.17219e+01
5.87444e+02	7.14164e+01
5.88144e+02	7.11128e+01
5.88844e+02	7.08111e+01
5.89545e+02	7.05114e+01
5.90245e+02	7.02135e+01
5.90945e+02	6.99175e+01
5.91646e+02	6.96234e+01
5.92346e+02	6.93312e+01
5.93047e+02	6.90408e+01
5.93747e+02	6.87522e+01
5.94447e+02	6.84654e+01
5.95148e+02	6.81804e+01
5.95848e+02	6.78972e+01
5.96548e+02	6.76158e+01
5.97249e+02	6.73361e+01
5.97949e+02	6.70581e+01
5.98649e+02	6.67818e+01
5.99350e+02	6.65073e+01
6.00050e+02	6.62344e+01
6.00750e+02	6.59633e+01
6.01451e+02	6.56938e+01
6.02151e+02	6.54259e+01
6.02851e+02	6.51597e+01
6.03552e+02	6.48950e+01
6.04252e+02	6.46320e+01
6.04952e+02	6.43706e+01
6.05653e+02	6.41108e+01
6.06353e+02	6.38526e+01
6.07054e+02	6.35959e+01
6.07754e+02	6.33407e+01
6.08454e+02	6.30871e+01
6.09155e+02	6.28350e+01
6.09855e+02	6.25844e+01
6.10555e+02	6.23354e+01
6.11256e+02	6.20878e+01
6.11956e+02	6.18416e+01
6.12656e+02	6.15970e+01
6.13357e+02	6.13538e+01
6.14057e+02	6.11120e+01
6.14757e+02	6.08716e+01
6.15458e+02	6.06327e+01
6.16158e+02	6.03952e+01
6.16858e+02	6.01590e+01
6.17559e+02	5.99243e+01
6.18259e+02	5.96909e+01
6.18959e+02	5.94589e+01
6.19660e+02	5.92282e+01
6.20360e+02	5.89989e+01
6.21061e+02	5.87709e+01
6.21761e+02	5.85442e+01
6.22461e+02	5.83188e+01
6.23162e+02	5.80947e+01
6.23862e+02	5.78720e+01
6.24562e+02	5.76505e+01
6.25263e+02	5.74302e+01
6.25963e+02	5.72113e+01
6.26663e+02	5.69935e+01
6.27364e+02	5.67770e+01
6.28064e+02	5.65618e+01
6.28764e+02	5.63478e+01
6.29465e+02	5.61350e+01
6.30165e+02	5.59234e+01
6.30865e+02	5.57129e+01
6.31566e+02	5.55037e+01
6.32266e+02	5.52957e+01
6.32966e+02	5.50888e+01
6.33667e+02	5.48830e+01
6.34367e+02	5.46785e+01
6.35068e+02	5.44750e+01
6.35768e+02	5.42727e+01
6.36468e+02	5.40716e+01
6.37169e+02	5.38715e+01
6.37869e+02	5.36726e+01
6.38569e+02	5.34747e+01
6.39270e+02	5.32780e+01
6.39970e+02	5.30823e+01
6.40670e+02	5.28877e+01
6.41371e+02	5.26942e+01
6.42071e+02	5.25017e+01
6.42771e+02	5.23103e+01
6.43472e+02	5.21199e+01
6.44172e+02	5.19306e+01
6.44872e+02	5.17423e+01
6.45573e+02	5.15550e+01
6.46273e+02	5.13688e+01
6.46973e+02	5.11835e+01
6.47674e+02	5.09993e+01
6.48374e+02	5.08160e+01
6.49075e+02	5.06337e+01
6.49775e+02	5.04525e+01
6.50475e+02	5.02721e+01
6.51176e+02	5.00928e+01
6.51876e+02	4.99144e+01
6.52576e+02	4.97369e+01
6.53277e+02	4.95604e+01
6.53977e+02	4.93849e+01
6.54677e+02	4.92103e+01
6.55378e+02	4.90365e+01
6.56078e+02	4.88638e+01
6.56778e+02	4.86919e+01
6.57479e+02	4.85209e+01
6.58179e+02	4.83508e+01
6.58879e+02	4.81817e+01
6.59580e+02	4.80134e+01
6.60280e+02	4.78460e+01
6.60980e+02	4.76794e+01
6.61681e+02	4.75138e+01
6.62381e+02	4.73490e+01
6.63082e+02	4.71850e+01
6.63782e+02	4.70219e+01
6.64482e+02	4.68597e+01
6.65183e+02	4.66983e+01
6.65883e+02	4.65377e+01
6.66583e+02	4.63779e+01
6.67284e+02	4.62190e+01
6.67984e+02	4.60609e+01
6.68684e+02	4.59036e+01
6.69385e+02	4.57471e+01
6.70085e+02	4.55914e+01
6.70785e+02	4.54365e+01
6.71486e+02	4.52823e+01
6.72186e+02	4.51290e+01
6.72886e+02	4.49764e+01
6.73587e+02	4.48246e+01
6.74287e+02	4.46736e+01
6.74987e+02	4.45234e+01
6.75688e+02	4.43739e+01
6.76388e+02	4.42251e+01
6.77089e+02	4.40771e+01
6.77789e+02	4.39299e+01
6.78489e+02	4.37833e+01
6.79190e+02	4.36375e+01
6.79890e+02	4.34925e+01
6.80590e+02	4.33481e+01
6.81291e+02	4.32045e+01
6.81991e+02	4.30616e+01
6.82691e+02	4.29194e+01
6.83392e+02	4.27779e+01
6.84092e+02	4.26371e+01
6.84792e+02	4.24970e+01
6.85493e+02	4.23576e+01
6.86193e+02	4.22189e+01
6.86893e+02	4.20808e+01
6.87594e+02	4.19434e+01
6.88294e+02	4.18067e+01
6.88994e+02	4.16707e+01
6.89695e+02	4.15353e+01
6.90395e+02	4.14006e+01
6.91096e+02	4.12666e+01
6.91796e+02	4.11331e+01
6.92496e+02	4.10004e+01
6.93197e+02	4.08683e+01
6.93897e+02	4.07368e+01
6.94597e+02	4.06059e+01
6.95298e+02	4.04757e+01
6.95998e+02	4.03461e+01
6.96698e+02	4.02172e+01
6.97399e+02	4.00888e+01
6.98099e+02	3.99611e+01
6.98799e+02	3.98339e+01
6.99500e+02	3.97074e+01
7.00200e+02	3.95815e+01
7.00900e+02	3.94562e+01
7.01601e+02	3.93314e+01
7.02301e+02	3.92073e+01
7.03002e+02	3.90837e+01
7.03702e+02	3.89608e+01
7.04402e+02	3.88384e+01
7.05103e+02	3.87166e+01
7.05803e+02	3.85953e+01
7.06503e+02	3.84747e+01
7.07204e+02	3.83545e+01
7.07904e+02	3.82350e+01
7.08604e+02	3.81160e+01
7.09305e+02	3.79976e+01
7.10005e+02	3.78797e+01
7.10705e+02	3.77624e+01
7.11406e+02	3.76456e+01
7.12106e+02	3.75293e+01
7.12806e+02	3.74136e+01
7.13507e+02	3.72984e+01
7.14207e+02	3.71838e+01
7.14907e+02	3.70697e+01
7.15608e+02	3.69561e+01
7.16308e+02	3.68430e+01
7.17009e+02	3.67305e+01
7.17709e+02	3.66184e+01
7.18409e+02	3.65069e+01
7.19110e+02	3.63959e+01
7.19810e+02	3.62854e+01
7.20510e+02	3.61754e+01
7.21211e+02	3.60659e+01
7.21911e+02	3.59569e+01
7.22611e+02	3.58483e+01
7.23312e+02	3.57403e+01
7.24012e+02	3.56328e+01
7.24712e+02	3.55257e+01
7.25413e+02	3.54191e+01
7.26113e+02	3.53131e+01
7.26813e+02	3.52074e+01
7.27514e+02	3.51023e+01
7.28214e+02	3.49976e+01
7.28914e+02	3.48934e+01
7.29615e+02	3.47897e+01
7.30315e+02	3.46864e+01
7.31016e+02	3.45836e+01
7.31716e+02	3.44812e+01
7.32416e+02	3.43793e+01
7.33117e+02	3.42778e+01
7.33817e+02	3.41768e+01
7.34517e+02	3.40763e+01
7.35218e+02	3.39762e+01
7.35918e+02	3.38765e+01
7.36618e+02	3.37772e+01
7.37319e+02	3.36784e+01
7.38019e+02	3.35801e+01
7.38719e+02	3.34821e+01
7.39420e+02	3.33846e+01
7.40120e+02	3.32875e+01
7.40820e+02	3.31908e+01
7.41521e+02	3.30946e+01
7.42221e+02	3.29988e+01
7.42921e+02	3.29034e+01
7.43622e+02	3.28084e+01
7.44322e+02	3.27138e+01
7.45023e+02	3.26196e+01
7.45723e+02	3.25258e+01
7.46423e+02	3.24325e+01
7.47124e+02	3.23395e+01
7.47824e+02	3.22469e+01
7.48524e+02	3.21547e+01
7.49225e+02	3.20630e+01
7.49925e+02	3.19716e+01
7.50625e+02	3.18806e+01
7.51326e+02	3.17900e+01
7.52026e+02	3.16998e+01
7.52726e+02	3.16099e+01
7.53427e+02	3.15205e+01
7.54127e+02	3.14314e+01
7.54827e+02	3.13427e+01
7.55528e+02	3.12544e+01
7.56228e+02	3.11664e+01
7.56928e+02	3.10789e+01
7.57629e+02	3.09916e+01
7.58329e+02	3.09048e+01
7.59030e+02	3.08183e+01
7.59730e+02	3.07322e+01
7.60430e+02	3.06464e+01
7.61131e+02	3.05611e+01
7.61831e+02	3.04760e+01
7.62531e+02	3.03913e+01
7.63232e+02	3.03070e+01
7.63932e+02	3.02230e+01
7.64632e+02	3.01394e+01
7.65333e+02	3.00561e+01
7.66033e+02	2.99731e+01
7.66733e+02	2.98905e+01
7.67434e+02	2.98083e+01
7.68134e+02	2.97264e+01
7.68834e+02	2.96448e+01
7.69535e+02	2.95635e+01
7.70235e+02	2.94826e+01
7.70935e+02	2.94020e+01
7.71636e+02	2.93218e+01
7.72336e+02	2.92419e+01
7.73037e+02	2.91623e+01
7.73737e+02	2.90830e+01
7.74437e+02	2.90040e+01
7.75138e+02	2.89254e+01
7.75838e+02	2.88471e+01
7.76538e+02	2.87691e+01
7.77239e+02	2.86914e+01
7.77939e+02	2.86141e+01
7.78639e+02	2.85370e+01
7.79340e+02	2.84603e+01
7.80040e+02	2.83839e+01
7.80740e+02	2.83077e+01
7.81441e+02	2.82319e+01
7.82141e+02	2.81564e+01
7.82841e+02	2.80812e+01
7.83542e+02	2.80063e+01
7.84242e+02	2.79317e+01
7.84942e+02	2.78574e+01
7.85643e+02	2.77834e+01
7.86343e+02	2.77096e+01
7.87044e+02	2.76362e+01
7.87744e+02	2.75631e+01
7.88444e+02	2.74902e+01
7.89145e+02	2.74177e+01
7.89845e+02	2.73454e+01
7.90545e+02	2.72734e+01
7.91246e+02	2.72017e+01
7.91946e+02	2.71303e+01
7.92646e+02	2.70592e+01
7.93347e+02	2.69883e+01
7.94047e+02	2.69177e+01
7.94747e+02	2.68474e+01
7.95448e+02	2.67774e+01
7.96148e+02	2.67077e+01
7.96848e+02	2.66382e+01
7.97549e+02	2.65690e+01
7.98249e+02	2.65000e+01
7.98949e+02	2.64314e+01
7.99650e+02	2.63629e+01
8.00350e+02	2.62948e+01
8.01051e+02	2.62269e+01
8.01751e+02	2.61593e+01
8.02451e+02	2.60920e+01
8.03152e+02	2.60249e+01
8.03852e+02	2.59580e+01
8.04552e+02	2.58915e+01
8.05253e+02	2.58251e+01
8.05953e+02	2.57591e+01
8.06653e+02	2.56932e+01
8.07354e+02	2.56277e+01
8.08054e+02	2.55624e+01
8.08754e+02	2.54973e+01
8.09455e+02	2.54325e+01
8.10155e+02	2.53679e+01
8.10855e+02	2.53036e+01
8.11556e+02	2.52395e+01
8.12256e+02	2.51757e+01
8.12956e+02	2.51121e+01
8.13657e+02	2.50488e+01
8.14357e+02	2.49856e+01
8.15058e+02	2.49228e+01
8.15758e+02	2.48601e+01
8.16458e+02	2.47977e+01
8.17159e+02	2.47356e+01
8.17859e+02	2.46736e+01
8.18559e+02	2.46119e+01
8.19260e+02	2.45505e+01
8.19960e+02	2.44892e+01
8.20660e+02	2.44282e+01
8.21361e+02	2.43674e+01
8.22061e+02	2.43069e+01
8.22761e+02	2.42465e+01
8.23462e+02	2.41864e+01
8.24162e+02	2.41266e+01
8.24862e+02	2.40669e+01
8.25563e+02	2.40075e+01
8.26263e+02	2.39482e+01
8.26963e+02	2.38892e+01
8.27664e+02	2.38305e+01
8.28364e+02	2.37719e+01
8.29065e+02	2.37135e+01
8.29765e+02	2.36554e+01
8.30465e+02	2.35975e+01
8.31166e+02	2.35398e+01
8.31866e+02	2.34823e+01
8.32566e+02	2.34250e+01
8.33267e+02	2.33679e+01
8.33967e+02	2.33110e+01
8.34667e+02	2.32544e+01
8.35368e+02	2.31979e+01
8.36068e+02	2.31417e+01
8.36768e+02	2.30856e+01
8.37469e+02	2.30298e+01
8.38169e+02	2.29741e+01
8.38869e+02	2.29187e+01
8.39570e+02	2.28635e+01
8.40270e+02	2.28084e+01
8.40970e+02	2.27536e+01
8.41671e+02	2.26989e+01
8.42371e+02	2.26445e+01
8.43072e+02	2.25902e+01
8.43772e+02	2.25362e+01
8.44472e+02	2.24823e+01
8.45173e+02	2.24286e+01
8.45873e+02	2.23752e+01
8.46573e+02	2.23219e+01
8.47274e+02	2.22688e+01
8.47974e+02	2.22159e+01
8.48674e+02	2.21632e+01
8.49375e+02	2.21106e+01
8.50075e+02	2.20583e+01
8.50775e+02	2.20061e+01
8.51476e+02	2.19542e+01
8.52176e+02	2.19024e+01
8.52876e+02	2.18508e+01
8.53577e+02	2.17993e+01
8.54277e+02	2.17481e+01
8.54977e+02	2.16970e+01
8.55678e+02	2.16461e+01
8.56378e+02	2.15954e+01
8.57079e+02	2.15449e+01
8.57779e+02	2.14946e+01
8.58479e+02	2.14444e+01
8.59180e+02	2.13944e+01
8.59880e+02	2.13446e+01
8.60580e+02	2.12949e+01
8.61281e+02	2.12454e+01
8.61981e+02	2.11961e+01
8.62681e+02	2.11470e+01
8.63382e+02	2.10981e+01
8.64082e+02	2.10493e+01
8.64782e+02	2.10006e+01
8.65483e+02	2.09522e+01
8.66183e+02	2.09039e+01
8.66883e+02	2.08558e+01
8.67584e+02	2.08078e+01
8.68284e+02	2.07600e+01
8.68984e+02	2.07124e+01
8.69685e+02	2.06649e+01
8.70385e+02	2.06177e+01
8.71086e+02	2.05705e+01
8.71786e+02	2.05235e+01
8.72486e+02	2.04767e+01
8.73187e+02	2.04301e+01
8.73887e+02	2.03836e+01
8.74587e+02	2.03372e+01
8.75288e+02	2.02911e+01
8.75988e+02	2.02450e+01
8.76688e+02	2.01992e+01
8.77389e+02	2.01535e+01
8.78089e+02	2.01079e+01
8.78789e+02	2.00625e+01
8.79490e+02	2.00173e+01
8.80190e+02	1.99722e+01
8.80890e+02	1.99272e+01
8.81591e+02	1.98825e+01
8.82291e+02	1.98378e+01
8.82991e+02	1.97933e+01
8.83692e+02	1.97490e+01
8.84392e+02	1.97048e+01
8.85093e+02	1.96608e+01
8.85793e+02	1.96169e+01
8.86493e+02	1.95731e+01
8.87194e+02	1.95295e+01
8.87894e+02	1.94861e+01
8.88594e+02	1.94428e+01
8.89295e+02	1.93996e+01
8.89995e+02	1.93566e+01
8.90695e+02	1.93137e+01
8.91396e+02	1.92710e+01
8.92096e+02	1.92284e+01
8.92796e+02	1.91859e+01
8.93497e+02	1.91436e+01
8.94197e+02	1.91014e+01
8.94897e+02	1.90594e+01
8.95598e+02	1.90175e+01
8.96298e+02	1.89757e+01
8.96998e+02	1.89341e+01
8.97699e+02	1.88926e+01
8.98399e+02	1.88513e+01
8.99100e+02	1.88101e+01
8.99800e+02	1.87690e+01
9.00500e+02	1.87280e+01
9.01201e+02	1.86872e+01
9.01901e+02	1.86466e+01
9.02601e+02	1.86060e+01
9.03302e+02	1.85656e+01
9.04002e+02	1.85253e+01
9.04702e+02	1.84852e+01
9.05403e+02	1.84452e+01
9.06103e+02	1.84053e+01
9.06803e+02	1.83655e+01
9.07504e+02	1.83259e+01
9.08204e+02	1.82864e+01
9.08904e+02	1.82470e+01
9.09605e+02	1.82078e+01
9.10305e+02	1.81686e+01
9.11006e+02	1.81297e+01
9.11706e+02	1.80908e+01
9.12406e+02	1.80520e+01
9.13107e+02	1.80134e+01
9.13807e+02	1.79749e+01
9.14507e+02	1.79365e+01
9.15208e+02	1.78983e+01
9.15908e+02	1.78602e+01
9.16608e+02	1.78222e+01
9.17309e+02	1.77843e+01
9.18009e+02	1.77465e+01
9.18709e+02	1.77089e+01
9.19410e+02	1.76713e+01
9.20110e+02	1.76339e+01
9.20810e+02	1.75967e+01
9.21511e+02	1.75595e+01
9.22211e+02	1.75224e+01
9.22911e+02	1.74855e+01
9.23612e+02	1.74487e+01
9.24312e+02	1.74120e+01
9.25013e+02	1.73754e+01
9.25713e+02	1.73389e+01
9.26413e+02	1.73026e+01
9.27114e+02	1.72663e+01
9.27814e+02	1.72302e+01
9.28514e+02	1.71942e+01
9.29215e+02	1.71583e+01
9.29915e+02	1.71225e+01
9.30615e+02	1.70868e+01
9.31316e+02	1.70513e+01
9.32016e+02	1.70158e+01
9.32716e+02	1.69805e+01
9.33417e+02	1.69452e+01
9.34117e+02	1.69101e+01
9.34817e+02	1.68751e+01
9.35518e+02	1.68402e+01
9.36218e+02	1.68054e+01
9.36918e+02	1.67707e+01
9.37619e+02	1.67361e+01
9.38319e+02	1.67016e+01
9.39020e+02	1.66673e+01
9.39720e+02	1.66330e+01
9.40420e+02	1.65988e+01
9.41121e+02	1.65648e+01
9.41821e+02	1.65308e+01
9.42521e+02	1.64970e+01
9.43222e+02	1.64633e+01
9.43922e+02	1.64296e+01
9.44622e+02	1.63961e+01
9.45323e+02	1.63627e+01
9.46023e+02	1.63293e+01
9.46723e+02	1.62961e+01
9.47424e+02	1.62630e+01
9.48124e+02	1.62299e+01
9.48824e+02	1.61970e+01
9.49525e+02	1.61642e+01
9.50225e+02	1.61315e+01
9.50925e+02	1.60988e+01
9.51626e+02	1.60663e+01
9.52326e+02	1.60339e+01
9.53027e+02	1.60016e+01
9.53727e+02	1.59693e+01
9.54427e+02	1.59372e+01
9.55128e+02	1.59051e+01
9.55828e+02	1.58732e+01
9.56528e+02	1.58414e+01
9.57229e+02	1.58096e+01
9.57929e+02	1.57780e+01
9.58629e+02	1.57464e+01
9.59330e+02	1.57149e+01
9.60030e+02	1.56836e+01
9.60730e+02	1.56523e+01
9.61431e+02	1.56211e+01
9.62131e+02	1.55900e+01
9.62831e+02	1.55590e+01
9.63532e+02	1.55281e+01
9.64232e+02	1.54973e+01
9.64932e+02	1.54666e+01
9.65633e+02	1.54359e+01
9.66333e+02	1.54054e+01
9.67034e+02	1.53750e+01
9.67734e+02	1.53446e+01
9.68434e+02	1.53143e+01
9.69135e+02	1.52841e+01
9.69835e+02	1.52541e+01
9.70535e+02	1.52241e+01
9.71236e+02	1.51941e+01
9.71936e+02	1.51643e+01
9.72636e+02	1.51346e+01
9.73337e+02	1.51049e+01
9.74037e+02	1.50754e+01
9.74737e+02	1.50459e+01
9.75438e+02	1.50165e+01
9.76138e+02	1.49872e+01
9.76838e+02	1.49580e+01
9.77539e+02	1.49288e+01
9.78239e+02	1.48998e+01
9.78939e+02	1.48708e+01
9.79640e+02	1.48420e+01
9.80340e+02	1.48132e+01
9.81041e+02	1.47845e+01
9.81741e+02	1.47558e+01
9.82441e+02	1.47273e+01
9.83142e+02	1.46988e+01
9.83842e+02	1.46704e+01
9.84542e+02	1.46421e+01
9.85243e+02	1.46139e+01
9.85943e+02	1.45858e+01
9.86643e+02	1.45577e+01
9.87344e+02	1.45298e+01
9.88044e+02	1.45019e+01
9.88744e+02	1.44741e+01
9.89445e+02	1.44463e+01
9.90145e+02	1.44187e+01
9.90845e+02	1.43911e+01
9.91546e+02	1.43636e+01
9.92246e+02	1.43362e+01
9.92946e+02	1.43089e+01
9.93647e+02	1.42816e+01
9.94347e+02	1.42544e+01
9.95048e+02	1.42273e+01
9.95748e+02	1.42003e+01
9.96448e+02	1.41734e+01
9.97149e+02	1.41465e+01
9.97849e+02	1.41197e+01
9.98549e+02	1.40930e+01
9.99250e+02	1.40663e+01
9.99950e+02	1.40398e+01
1.00065e+03	1.40133e+01
1.00135e+03	1.39869e+01
1.00205e+03	1.39605e+01
1.00275e+03	1.39342e+01
1.00345e+03	1.39080e+01
1.00415e+03	1.38819e+01
1.00485e+03	1.38559e+01
1.00555e+03	1.38299e+01
1.00625e+03	1.38040e+01
1.00695e+03	1.37782e+01
1.00765e+03	1.37524e+01
1.00835e+03	1.37267e+01
1.00905e+03	1.37011e+01
1.00975e+03	1.36756e+01
1.01046e+03	1.36501e+01
1.01116e+03	1.36247e+01
1.01186e+03	1.35994e+01
1.01256e+03	1.35741e+01
1.01326e+03	1.35490e+01
1.01396e+03	1.35238e+01
1.01466e+03	1.34988e+01
1.01536e+03	1.34738e+01
1.01606e+03	1.34489e+01
1.01676e+03	1.34241e+01
1.01746e+03	1.33993e+01
1.01816e+03	1.33746e+01
1.01886e+03	1.33500e+01
1.01956e+03	1.33254e+01
1.02026e+03	1.33009e+01
1.02096e+03	1.32765e+01
1.02166e+03	1.32521e+01
1.02236e+03	1.32278e+01
1.02306e+03	1.32036e+01
1.02376e+03	1.31794e+01
1.02446e+03	1.31553e+01
1.02516e+03	1.31313e+01
1.02586e+03	1.31073e+01
1.02656e+03	1.30834e+01
1.02726e+03	1.30596e+01
1.02796e+03	1.30358e+01
1.02866e+03	1.30121e+01
1.02936e+03	1.29885e+01
1.03007e+03	1.29649e+01
1.03077e+03	1.29414e+01
1.03147e+03	1.29180e+01
1.03217e+03	1.28946e+01
1.03287e+03	1.28713e+01
1.03357e+03	1.28480e+01
1.03427e+03	1.28248e+01
1.03497e+03	1.28017e+01
1.03567e+03	1.27786e+01
1.03637e+03	1.27556e+01
1.03707e+03	1.27327e+01
1.03777e+03	1.27098e+01
1.03847e+03	1.26870e+01
1.03917e+03	1.26642e+01
1.03987e+03	1.26415e+01
1.04057e+03	1.26189e+01
1.04127e+03	1.25963e+01
1.04197e+03	1.25738e+01
1.04267e+03	1.25513e+01
1.04337e+03	1.25289e+01
1.04407e+03	1.25066e+01
1.04477e+03	1.24843e+01
1.04547e+03	1.24621e+01
1.04617e+03	1.24399e+01
1.04687e+03	1.24178e+01
1.04757e+03	1.23958e+01
1.04827e+03	1.23738e+01
1.04897e+03	1.23519e+01
1.04967e+03	1.23300e+01
1.05038e+03	1.23082e+01
1.05108e+03	1.22865e+01
1.05178e+03	1.22648e+01
1.05248e+03	1.22432e+01
1.05318e+03	1.22216e+01
1.05388e+03	1.22001e+01
1.05458e+03	1.21786e+01
1.05528e+03	1.21572e+01
1.05598e+03	1.21359e+01
1.05668e+03	1.21146e+01
1.05738e+03	1.20933e+01
1.05808e+03	1.20722e+01
1.05878e+03	1.20510e+01
1.05948e+03	1.20300e+01
1.06018e+03	1.20089e+01
1.06088e+03	1.19880e+01
1.06158e+03	1.19671e+01
1.06228e+03	1.19462e+01
1.06298e+03	1.19254e+01
1.06368e+03	1.19047e+01
1.06438e+03	1.18840e+01
1.06508e+03	1.18634e+01
1.06578e+03	1.18428e+01
1.06648e+03	1.18223e+01
1.06718e+03	1.18018e+01
1.06788e+03	1.17814e+01
1.06858e+03	1.17610e+01
1.06928e+03	1.17407e+01
1.06998e+03	1.17204e+01
1.07069e+03	1.17002e+01
1.07139e+03	1.16801e+01
1.07209e+03	1.16600e+01
1.07279e+03	1.16399e+01
1.07349e+03	1.16199e+01
1.07419e+03	1.16000e+01
1.07489e+03	1.15801e+01
1.07559e+03	1.15602e+01
1.07629e+03	1.15404e+01
1.07699e+03	1.15207e+01
1.07769e+03	1.15010e+01
1.07839e+03	1.14813e+01
1.07909e+03	1.14617e+01
1.07979e+03	1.14422e+01
1.08049e+03	1.14227e+01
1.08119e+03	1.14033e+01
1.08189e+03	1.13839e+01
1.08259e+03	1.13645e+01
1.08329e+03	1.13452e+01
1.08399e+03	1.13260e+01
1.08469e+03	1.13068e+01
1.08539e+03	1.12876e+01
1.08609e+03	1.12685e+01
1.08679e+03	1.12495e+01
1.08749e+03	1.12305e+01
1.08819e+03	1.12115e+01
1.08889e+03	1.11926e+01
1.08959e+03	1.11738e+01
1.09030e+03	1.11549e+01
1.09100e+03	1.11362e+01
1.09170e+03	1.11175e+01
1.09240e+03	1.10988e+01
1.09310e+03	1.10802e+01
1.09380e+03	1.10616e+01
1.09450e+03	1.10431e+01
1.09520e+03	1.10246e+01
1.09590e+03	1.10061e+01
1.09660e+03	1.09878e+01
1.09730e+03	1.09694e+01
1.09800e+03	1.09511e+01
1.09870e+03	1.09329e+01
1.09940e+03	1.09146e+01
1.10010e+03	1.08965e+01
1.10080e+03	1.08784e+01
1.10150e+03	1.08603e+01
1.10220e+03	1.08423e+01
1.10290e+03	1.08243e+01
1.10360e+03	1.08064e+01
1.10430e+03	1.07885e+01
1.10500e+03	1.07706e+01
1.10570e+03	1.07528e+01
1.10640e+03	1.07351e+01
1.10710e+03	1.07173e+01
1.10780e+03	1.06997e+01
1.10850e+03	1.06820e+01
1.10920e+03	1.06645e+01
1.10990e+03	1.06469e+01
1.11061e+03	1.06294e+01
1.11131e+03	1.06120e+01
1.11201e+03	1.05945e+01
1.11271e+03	1.05772e+01
1.11341e+03	1.05599e+01
1.11411e+03	1.05426e+01
1.11481e+03	1.05253e+01
1.11551e+03	1.05081e+01
1.11621e+03	1.04910e+01
1.11691e+03	1.04739e+01
1.11761e+03	1.04568e+01
1.11831e+03	1.04398e+01
1.11901e+03	1.04228e+01
1.11971e+03	1.04058e+01
1.12041e+03	1.03889e+01
1.12111e+03	1.03720e+01
1.12181e+03	1.03552e+01
1.12251e+03	1.03384e+01
1.12321e+03	1.03217e+01
1.12391e+03	1.03050e+01
1.12461e+03	1.02883e+01
1.12531e+03	1.02717e+01
1.12601e+03	1.02551e+01
1.12671e+03	1.02386e+01
1.12741e+03	1.02221e+01
1.12811e+03	1.02056e+01
1.12881e+03	1.01892e+01
1.12951e+03	1.01728e+01
1.13022e+03	1.01565e+01
1.13092e+03	1.01402e+01
1.13162e+03	1.01239e+01
1.13232e+03	1.01077e+01
1.13302e+03	1.00915e+01
1.13372e+03	1.00754e+01
1.13442e+03	1.00592e+01
1.13512e+03	1.00432e+01
1.13582e+03	1.00271e+01
1.13652e+03	1.00111e+01
1.13722e+03	9.99519e+00
1.13792e+03	9.97928e+00
1.13862e+03	9.96340e+00
1.13932e+03	9.94756e+00
1.14002e+03	9.93176e+00
1.14072e+03	9.91599e+00
1.14142e+03	9.90026e+00
1.14212e+03	9.88457e+00
1.14282e+03	9.86892e+00
1.14352e+03	9.85330e+00
1.14422e+03	9.83772e+00
1.14492e+03	9.82218e+00
1.14562e+03	9.80668e+00
1.14632e+03	9.79121e+00
1.14702e+03	9.77578e+00
1.14772e+03	9.76038e+00
1.14842e+03	9.74502e+00
1.14912e+03	9.72970e+00
1.14982e+03	9.71441e+00
1.15053e+03	9.69916e+00
1.15123e+03	9.68395e+00
1.15193e+03	9.66877e+00
1.15263e+03	9.65363e+00
1.15333e+03	9.63852e+00
1.15403e+03	9.62345e+00
1.15473e+03	9.60841e+00
1.15543e+03	9.59341e+00
1.15613e+03	9.57844e+00
1.15683e+03	9.56351e+00
1.15753e+03	9.54861e+00
1.15823e+03	9.53375e+00
1.15893e+03	9.51892e+00
1.15963e+03	9.50413e+00
1.16033e+03	9.48937e+00
1.16103e+03	9.47465e+00
1.16173e+03	9.45996e+00
1.16243e+03	9.44530e+00
1.16313e+03	9.43068e+00
1.16383e+03	9.41609e+00
1.16453e+03	9.40154e+00
1.16523e+03	9.38702e+00
1.16593e+03	9.37253e+00
1.16663e+03	9.35808e+00
1.16733e+03	9.34366e+00
1.16803e+03	9.32927e+00
1.16873e+03	9.31492e+00
1.16943e+03	9.30060e+00
1.17014e+03	9.28631e+00
1.17084e+03	9.27206e+00
1.17154e+03	9.25784e+00
1.17224e+03	9.24365e+00
1.17294e+03	9.22949e+00
1.17364e+03	9.21537e+00
1.17434e+03	9.20128e+00
1.17504e+03	9.18722e+00
1.17574e+03	9.17319e+00
1.17644e+03	9.15920e+00
1.17714e+03	9.14523e+00
1.17784e+03	9.13130e+00
1.17854e+03	9.11741e+00
1.17924e+03	9.10354e+00
1.17994e+03	9.08970e+00
1.18064e+03	9.07590e+00
1.18134e+03	9.06213e+00
1.18204e+03	9.04839e+00
1.18274e+03	9.03468e+00
1.18344e+03	9.02100e+00
1.18414e+03	9.00735e+00
1.18484e+03	8.99373e+00
1.18554e+03	8.98015e+00
1.18624e+03	8.96659e+00
1.18694e+03	8.95307e+00
1.18764e+03	8.93957e+00
1.18834e+03	8.92611e+00
1.18904e+03	8.91268e+00
1.18974e+03	8.89927e+00
1.19045e+03	8.88590e+00
1.19115e+03	8.87256e+00
1.19185e+03	8.85925e+00
1.19255e+03	8.84596e+00
1.19325e+03	8.83271e+00
1.19395e+03	8.81949e+00
1.19465e+03	8.80629e+00
1.19535e+03	8.79313e+00
1.19605e+03	8.78000e+00
1.19675e+03	8.76689e+00
1.19745e+03	8.75382e+00
1.19815e+03	8.74077e+00
1.19885e+03	8.72775e+00
1.19955e+03	8.71477e+00
1.20025e+03	8.70181e+00
1.20095e+03	8.68888e+00
1.20165e+03	8.67597e+00
1.20235e+03	8.66310e+00
1.20305e+03	8.65026e+00
1.20375e+03	8.63744e+00
1.20445e+03	8.62466e+00
1.20515e+03	8.61190e+00
1.20585e+03	8.59917e+00
1.20655e+03	8.58646e+00
1.20725e+03	8.57379e+00
1.20795e+03	8.56115e+00
1.20865e+03	8.54853e+00
1.20935e+03	8.53594e+00
1.21006e+03	8.52337e+00
1.21076e+03	8.51084e+00
1.21146e+03	8.49833e+00
1.21216e+03	8.48585e+00
1.21286e+03	8.47340e+00
1.21356e+03	8.46098e+00
1.21426e+03	8.44858e+00
1.21496e+03	8.43621e+00
1.21566e+03	8.42387e+00
1.21636e+03	8.41155e+00
1.21706e+03	8.39926e+00
1.21776e+03	8.38700e+00
1.21846e+03	8.37477e+00
1.21916e+03	8.36256e+00
1.21986e+03	8.35038e+00
1.22056e+03	8.33822e+00
1.22126e+03	8.32609e+00
1.22196e+03	8.31399e+00
1.22266e+03	8.30192e+00
1.22336e+03	8.28987e+00
1.22406e+03	8.27784e+00
1.22476e+03	8.26585e+00
1.22546e+03	8.25387e+00
1.22616e+03	8.24193e+00
1.22686e+03	8.23001e+00
1.22756e+03	8.21812e+00
1.22826e+03	8.20625e+00
1.22896e+03	8.19441e+00
1.22966e+03	8.18259e+00
1.23037e+03	8.17080e+00
1.23107e+03	8.15904e+00
1.23177e+03	8.14730e+00
1.23247e+03	8.13558e+00
1.23317e+03	8.12389e+00
1.23387e+03	8.11223e+00
1.23457e+03	8.10059e+00
1.23527e+03	8.08898e+00
1.23597e+03	8.07739e+00
1.23667e+03	8.06582e+00
1.23737e+03	8.05428e+00
1.23807e+03	8.04277e+00
1.23877e+03	8.03128e+00
1.23947e+03	8.01981e+00
1.24017e+03	8.00837e+00
1.24087e+03	7.99696e+00
1.24157e+03	7.98557e+00
1.24227e+03	7.97420e+00
1.24297e+03	7.96286e+00
1.24367e+03	7.95154e+00
1.24437e+03	7.94024e+00
1.24507e+03	7.92897e+00
1.24577e+03	7.91772e+00
1.24647e+03	7.90650e+00
1.24717e+03	7.89530e+00
1.24787e+03	7.88413e+00
1.24857e+03	7.87297e+00
1.24927e+03	7.86185e+00
1.24997e+03	7.85074e+00
1.25068e+03	7.83966e+00
1.25138e+03	7.82860e+00
1.25208e+03	7.81757e+00
1.25278e+03	7.80656e+00
1.25348e+03	7.79557e+00
1.25418e+03	7.78461e+00
1.25488e+03	7.77367e+00
1.25558e+03	7.76275e+00
1.25628e+03	7.75185e+00
1.25698e+03	7.74098e+00
1.25768e+03	7.73013e+00
1.25838e+03	7.71931e+00
1.25908e+03	7.70850e+00
1.25978e+03	7.69772e+00
1.26048e+03	7.68696e+00
1.26118e+03	7.67623e+00
1.26188e+03	7.66551e+00
1.26258e+03	7.65482e+00
1.26328e+03	7.64415e+00
1.26398e+03	7.63351e+00
1.26468e+03	7.62288e+00
1.26538e+03	7.61228e+00
1.26608e+03	7.60170e+00
1.26678e+03	7.59114e+00
1.26748e+03	7.58061e+00
1.26818e+03	7.57009e+00
1.26888e+03	7.55960e+00
1.26958e+03	7.54913e+00
1.27029e+03	7.53868e+00
1.27099e+03	7.52825e+00
1.27169e+03	7.51785e+00
1.27239e+03	7.50746e+00
1.27309e+03	7.49710e+00
1.27379e+03	7.48676e+00
1.27449e+03	7.47644e+00
1.27519e+03	7.46614e+00
1.27589e+03	7.45587e+00
1.27659e+03	7.44561e+00
1.27729e+03	7.43538e+00
1.27799e+03	7.42516e+00
1.27869e+03	7.41497e+00
1.27939e+03	7.40480e+00
1.28009e+03	7.39465e+00
1.28079e+03	7.38452e+00
1.28149e+03	7.37441e+00
1.28219e+03	7.36432e+00
1.28289e+03	7.35425e+00
1.28359e+03	7.34421e+00
1.28429e+03	7.33418e+00
1.28499e+03	7.32418e+00
1.28569e+03	7.31419e+00
1.28639e+03	7.30423e+00
1.28709e+03	7.29428e+00
1.28779e+03	7.28436e+00
1.28849e+03	7.27445e+00
1.28919e+03	7.26457e+00
1.28989e+03	7.25471e+00
1.29060e+03	7.24486e+00
1.29130e+03	7.23504e+00
1.29200e+03	7.22523e+00
1.29270e+03	7.21545e+00
1.29340e+03	7.20569e+00
1.29410e+03	7.19594e+00
1.29480e+03	7.18622e+00
1.29550e+03	7.17651e+00
1.29620e+03	7.16683e+00
1.29690e+03	7.15716e+00
1.29760e+03	7.14752e+00
1.29830e+03	7.13789e+00
1.29900e+03	7.12829e+00
1.29970e+03	7.11870e+00
1.30040e+03	7.10913e+00
1.30110e+03	7.09958e+00
1.30180e+03	7.09005e+00
1.30250e+03	7.08054e+00
1.30320e+03	7.07105e+00
1.30390e+03	7.06158e+00
1.30460e+03	7.05212e+00
1.30530e+03	7.04269e+00
1.30600e+03	7.03327e+00
1.30670e+03	7.02388e+00
1.30740e+03	7.01450e+00
1.30810e+03	7.00514e+00
1.30880e+03	6.99580e+00
1.30950e+03	6.98648e+00
1.31021e+03	6.97718e+00
1.31091e+03	6.96789e+00
1.31161e+03	6.95863e+00
1.31231e+03	6.94938e+00
1.31301e+03	6.94015e+00
1.31371e+03	6.93094e+00
1.31441e+03	6.92175e+00
1.31511e+03	6.91257e+00
1.31581e+03	6.90342e+00
1.31651e+03	6.89428e+00
1.31721e+03	6.88516e+00
1.31791e+03	6.87606e+00
1.31861e+03	6.86698e+00
1.31931e+03	6.85791e+00
1.32001e+03	6.84886e+00
1.32071e+03	6.83983e+00
1.32141e+03	6.83082e+00
1.32211e+03	6.82183e+00
1.32281e+03	6.81285e+00
1.32351e+03	6.80389e+00
1.32421e+03	6.79495e+00
1.32491e+03	6.78603e+00
1.32561e+03	6.77713e+00
1.32631e+03	6.76824e+00
1.32701e+03	6.75937e+00
1.32771e+03	6.75051e+00
1.32841e+03	6.74168e+00
1.32911e+03	6.73286e+00
1.32981e+03	6.72406e+00
1.33052e+03	6.71528e+00
1.33122e+03	6.70651e+00
1.33192e+03	6.69776e+00
1.33262e+03	6.68903e+00
1.33332e+03	6.68031e+00
1.33402e+03	6.67161e+00
1.33472e+03	6.66293e+00
1.33542e+03	6.65427e+00
1.33612e+03	6.64562e+00
1.33682e+03	6.63699e+00
1.33752e+03	6.62838e+00
1.33822e+03	6.61978e+00
1.33892e+03	6.61120e+00
1.33962e+03	6.60263e+00
1.34032e+03	6.59409e+00
1.34102e+03	6.58556e+00
1.34172e+03	6.57704e+00
1.34242e+03	6.56855e+00
1.34312e+03	6.56006e+00
1.34382e+03	6.55160e+00
1.34452e+03	6.54315e+00
1.34522e+03	6.53472e+00
1.34592e+03	6.52630e+00
1.34662e+03	6.51791e+00
1.34732e+03	6.50952e+00
1.34802e+03	6.50116e+00
1.34872e+03	6.49280e+00
1.34942e+03	6.48447e+00
1.35013e+03	6.47615e+00
1.35083e+03	6.46785e+00
1.35153e+03	6.45956e+00
1.35223e+03	6.45129e+00
1.35293e+03	6.44304e+00
1.35363e+03	6.43480e+00
1.35433e+03	6.42657e+00
1.35503e+03	6.41837e+00
1.35573e+03	6.41017e+00
1.35643e+03	6.40200e+00
1.35713e+03	6.39384e+00
1.35783e+03	6.38569e+00
1.35853e+03	6.37756e+00
1.35923e+03	6.36945e+00
1.35993e+03	6.36135e+00
1.36063e+03	6.35327e+00
1.36133e+03	6.34520e+00
1.36203e+03	6.33715e+00
1.36273e+03	6.32911e+00
1.36343e+03	6.32109e+00
1.36413e+03	6.31308e+00
1.36483e+03	6.30509e+00
1.36553e+03	6.29712e+00
1.36623e+03	6.28916e+00
1.36693e+03	6.28121e+00
1.36763e+03	6.27328e+00
1.36833e+03	6.26536e+00
1.36903e+03	6.25746e+00
1.36973e+03	6.24958e+00
1.37044e+03	6.24171e+00
1.37114e+03	6.23385e+00
1.37184e+03	6.22601e+00
1.37254e+03	6.21818e+00
1.37324e+03	6.21037e+00
1.37394e+03	6.20257e+00
1.37464e+03	6.19479e+00
1.37534e+03	6.18702e+00
1.37604e+03	6.17927e+00
1.37674e+03	6.17153e+00
1.37744e+03	6.16381e+00
1.37814e+03	6.15610e+00
1.37884e+03	6.14840e+00
1.37954e+03	6.14072e+00
1.38024e+03	6.13306e+00
1.38094e+03	6.12540e+00
1.38164e+03	6.11777e+00
1.38234e+03	6.11014e+00
1.38304e+03	6.10253e+00
1.38374e+03	6.09494e+00
1.38444e+03	6.08736e+00
1.38514e+03	6.07979e+00
1.38584e+03	6.07224e+00
1.38654e+03	6.06470e+00
1.38724e+03	6.05718e+00
1.38794e+03	6.04967e+00
1.38864e+03	6.04217e+00
1.38934e+03	6.03469e+00
1.39005e+03	6.02722e+00
1.39075e+03	6.01977e+00
1.39145e+03	6.01232e+00
1.39215e+03	6.00490e+00
1.39285e+03	5.99748e+00
1.39355e+03	5.99008e+00
1.39425e+03	5.98270e+00
1.39495e+03	5.97533e+00
1.39565e+03	5.96797e+00
1.39635e+03	5.96062e+00
1.39705e+03	5.95329e+00
1.39775e+03	5.94597e+00
1.39845e+03	5.93867e+00
1.39915e+03	5.93138e+00
1.39985e+03	5.92410e+00
1.40055e+03	5.91684e+00
1.40125e+03	5.90958e+00
1.40195e+03	5.90235e+00
1.40265e+03	5.89512e+00
1.40335e+03	5.88791e+00
1.40405e+03	5.88071e+00
1.40475e+03	5.87353e+00
1.40545e+03	5.86636e+00
1.40615e+03	5.85920e+00
1.40685e+03	5.85205e+00
1.40755e+03	5.84492e+00
1.40825e+03	5.83780e+00
1.40895e+03	5.83070e+00
1.40965e+03	5.82360e+00
1.41036e+03	5.81652e+00
1.41106e+03	5.80946e+00
1.41176e+03	5.80240e+00
1.41246e+03	5.79536e+00
1.41316e+03	5.78833e+00
1.41386e+03	5.78131e+00
1.41456e+03	5.77431e+00
1.41526e+03	5.76732e+00
1.41596e+03	5.76034e+00
1.41666e+03	5.75338e+00
1.41736e+03	5.74642e+00
1.41806e+03	5.73948e+00
1.41876e+03	5.73256e+00
1.41946e+03	5.72564e+00
1.42016e+03	5.71874e+00
1.42086e+03	5.71185e+00
1.42156e+03	5.70497e+00
1.42226e+03	5.69811e+00
1.42296e+03	5.69125e+00
1.42366e+03	5.68441e+00
1.42436e+03	5.67759e+00
1.42506e+03	5.67077e+00
1.42576e+03	5.66397e+00
1.42646e+03	5.65718e+00
1.42716e+03	5.65040e+00
1.42786e+03	5.64363e+00
1.42856e+03	5.63688e+00
1.42926e+03	5.63013e+00
1.42996e+03	5.62340e+00
1.43067e+03	5.61668e+00
1.43137e+03	5.60998e+00
1.43207e+03	5.60328e+00
1.43277e+03	5.59660e+00
1.43347e+03	5.58993e+00
1.43417e+03	5.58327e+00
1.43487e+03	5.57663e+00
1.43557e+03	5.56999e+00
1.43627e+03	5.56337e+00
1.43697e+03	5.55676e+00
1.43767e+03	5.55016e+00
1.43837e+03	5.54357e+00
1.43907e+03	5.53699e+00
1.43977e+03	5.53043e+00
1.44047e+03	5.52388e+00
1.44117e+03	5.51734e+00
1.44187e+03	5.51081e+00
1.44257e+03	5.50429e+00
1.44327e+03	5.49778e+00
1.44397e+03	5.49129e+00
1.44467e+03	5.48481e+00
1.44537e+03	5.47833e+00
1.44607e+03	5.47187e+00
1.44677e+03	5.46543e+00
1.44747e+03	5.45899e+00
1.44817e+03	5.45256e+00
1.44887e+03	5.44615e+00
1.44957e+03	5.43974e+00
1.45028e+03	5.43335e+00
1.45098e+03	5.42697e+00
1.45168e+03	5.42060e+00
1.45238e+03	5.41424e+00
1.45308e+03	5.40790e+00
1.45378e+03	5.40156e+00
1.45448e+03	5.39523e+00
1.45518e+03	5.38892e+00
1.45588e+03	5.38262e+00
1.45658e+03	5.37633e+00
1.45728e+03	5.37005e+00
1.45798e+03	5.36378e+00
1.45868e+03	5.35752e+00
1.45938e+03	5.35127e+00
1.46008e+03	5.34503e+00
1.46078e+03	5.33881e+00
1.46148e+03	5.33259e+00
1.46218e+03	5.32639e+00
1.46288e+03	5.32020e+00
1.46358e+03	5.31401e+00
1.46428e+03	5.30784e+00
1.46498e+03	5.30168e+00
1.46568e+03	5.29553e+00
1.46638e+03	5.28939e+00
1.46708e+03	5.28326e+00
1.46778e+03	5.27714e+00
1.46848e+03	5.27103e+00
1.46918e+03	5.26494e+00
1.46988e+03	5.25885e+00
1.47059e+03	5.25278e+00
1.47129e+03	5.24671e+00
1.47199e+03	5.24065e+00
1.47269e+03	5.23461e+00
1.47339e+03	5.22858e+00
1.47409e+03	5.22255e+00
1.47479e+03	5.21654e+00
1.47549e+03	5.21054e+00
1.47619e+03	5.20454e+00
1.47689e+03	5.19856e+00
1.47759e+03	5.19259e+00
1.47829e+03	5.18663e+00
1.47899e+03	5.18068e+00
1.47969e+03	5.17474e+00
1.48039e+03	5.16881e+00
1.48109e+03	5.16289e+00
1.48179e+03	5.15698e+00
1.48249e+03	5.15107e+00
1.48319e+03	5.14518e+00
1.48389e+03	5.13930e+00
1.48459e+03	5.13343e+00
1.48529e+03	5.12757e+00
1.48599e+03	5.12172e+00
1.48669e+03	5.11588e+00
1.48739e+03	5.11005e+00
1.48809e+03	5.10423e+00
1.48879e+03	5.09842e+00
1.48949e+03	5.09262e+00
1.49020e+03	5.08683e+00
1.49090e+03	5.08105e+00
1.49160e+03	5.07528e+00
1.49230e+03	5.06952e+00
1.49300e+03	5.06377e+00
1.49370e+03	5.05803e+00
1.49440e+03	5.05230e+00
1.49510e+03	5.04658e+00
1.49580e+03	5.04087e+00
1.49650e+03	5.03516e+00
1.49720e+03	5.02947e+00
1.49790e+03	5.02379e+00
1.49860e+03	5.01812e+00
1.49930e+03	5.01245e+00
1.50000e+03	5.00680e+00
