# File written by the predict_spectrum.py script.
# frequency (cm^-1)	Intensity
1.00000e+02	3.18819e+02
1.00700e+02	3.21657e+02
1.01401e+02	3.24532e+02
1.02101e+02	3.27446e+02
1.02801e+02	3.30399e+02
1.03502e+02	3.33393e+02
1.04202e+02	3.36428e+02
1.04902e+02	3.39505e+02
1.05603e+02	3.42624e+02
1.06303e+02	3.45786e+02
1.07004e+02	3.48993e+02
1.07704e+02	3.52244e+02
1.08404e+02	3.55541e+02
1.09105e+02	3.58885e+02
1.09805e+02	3.62276e+02
1.10505e+02	3.65716e+02
1.11206e+02	3.69205e+02
1.11906e+02	3.72745e+02
1.12606e+02	3.76335e+02
1.13307e+02	3.79978e+02
1.14007e+02	3.83675e+02
1.14707e+02	3.87425e+02
1.15408e+02	3.91231e+02
1.16108e+02	3.95094e+02
1.16808e+02	3.99014e+02
1.17509e+02	4.02993e+02
1.18209e+02	4.07032e+02
1.18909e+02	4.11133e+02
1.19610e+02	4.15295e+02
1.20310e+02	4.19522e+02
1.21011e+02	4.23814e+02
1.21711e+02	4.28172e+02
1.22411e+02	4.32597e+02
1.23112e+02	4.37092e+02
1.23812e+02	4.41658e+02
1.24512e+02	4.46296e+02
1.25213e+02	4.51007e+02
1.25913e+02	4.55794e+02
1.26613e+02	4.60657e+02
1.27314e+02	4.65599e+02
1.28014e+02	4.70622e+02
1.28714e+02	4.75726e+02
1.29415e+02	4.80914e+02
1.30115e+02	4.86188e+02
1.30815e+02	4.91549e+02
1.31516e+02	4.97000e+02
1.32216e+02	5.02542e+02
1.32916e+02	5.08178e+02
1.33617e+02	5.13910e+02
1.34317e+02	5.19739e+02
1.35018e+02	5.25668e+02
1.35718e+02	5.31701e+02
1.36418e+02	5.37837e+02
1.37119e+02	5.44081e+02
1.37819e+02	5.50435e+02
1.38519e+02	5.56902e+02
1.39220e+02	5.63483e+02
1.39920e+02	5.70182e+02
1.40620e+02	5.77002e+02
1.41321e+02	5.83946e+02
1.42021e+02	5.91016e+02
1.42721e+02	5.98216e+02
1.43422e+02	6.05549e+02
1.44122e+02	6.13018e+02
1.44822e+02	6.20627e+02
1.45523e+02	6.28379e+02
1.46223e+02	6.36278e+02
1.46923e+02	6.44327e+02
1.47624e+02	6.52531e+02
1.48324e+02	6.60893e+02
1.49025e+02	6.69418e+02
1.49725e+02	6.78110e+02
1.50425e+02	6.86972e+02
1.51126e+02	6.96011e+02
1.51826e+02	7.05230e+02
1.52526e+02	7.14634e+02
1.53227e+02	7.24229e+02
1.53927e+02	7.34019e+02
1.54627e+02	7.44010e+02
1.55328e+02	7.54207e+02
1.56028e+02	7.64617e+02
1.56728e+02	7.75245e+02
1.57429e+02	7.86097e+02
1.58129e+02	7.97180e+02
1.58829e+02	8.08501e+02
1.59530e+02	8.20065e+02
1.60230e+02	8.31881e+02
1.60930e+02	8.43956e+02
1.61631e+02	8.56297e+02
1.62331e+02	8.68912e+02
1.63032e+02	8.81810e+02
1.63732e+02	8.94999e+02
1.64432e+02	9.08488e+02
1.65133e+02	9.22286e+02
1.65833e+02	9.36403e+02
1.66533e+02	9.50848e+02
1.67234e+02	9.65633e+02
1.67934e+02	9.80767e+02
1.68634e+02	9.96263e+02
1.69335e+02	1.01213e+03
1.70035e+02	1.02838e+03
1.70735e+02	1.04503e+03
1.71436e+02	1.06209e+03
1.72136e+02	1.07958e+03
1.72836e+02	1.09750e+03
1.73537e+02	1.11588e+03
1.74237e+02	1.13473e+03
1.74937e+02	1.15406e+03
1.75638e+02	1.17389e+03
1.76338e+02	1.19424e+03
1.77039e+02	1.21513e+03
1.77739e+02	1.23658e+03
1.78439e+02	1.25860e+03
1.79140e+02	1.28123e+03
1.79840e+02	1.30447e+03
1.80540e+02	1.32836e+03
1.81241e+02	1.35292e+03
1.81941e+02	1.37817e+03
1.82641e+02	1.40414e+03
1.83342e+02	1.43085e+03
1.84042e+02	1.45835e+03
1.84742e+02	1.48665e+03
1.85443e+02	1.51579e+03
1.86143e+02	1.54580e+03
1.86843e+02	1.57672e+03
1.87544e+02	1.60859e+03
1.88244e+02	1.64145e+03
1.88944e+02	1.67533e+03
1.89645e+02	1.71028e+03
1.90345e+02	1.74635e+03
1.91046e+02	1.78359e+03
1.91746e+02	1.82204e+03
1.92446e+02	1.86176e+03
1.93147e+02	1.90281e+03
1.93847e+02	1.94525e+03
1.94547e+02	1.98914e+03
1.95248e+02	2.03455e+03
1.95948e+02	2.08155e+03
1.96648e+02	2.13021e+03
1.97349e+02	2.18063e+03
1.98049e+02	2.23288e+03
1.98749e+02	2.28705e+03
1.99450e+02	2.34325e+03
2.00150e+02	2.40156e+03
2.00850e+02	2.46212e+03
2.01551e+02	2.52502e+03
2.02251e+02	2.59039e+03
2.02951e+02	2.65838e+03
2.03652e+02	2.72911e+03
2.04352e+02	2.80275e+03
2.05053e+02	2.87945e+03
2.05753e+02	2.95938e+03
2.06453e+02	3.04275e+03
2.07154e+02	3.12974e+03
2.07854e+02	3.22058e+03
2.08554e+02	3.31548e+03
2.09255e+02	3.41472e+03
2.09955e+02	3.51855e+03
2.10655e+02	3.62727e+03
2.11356e+02	3.74119e+03
2.12056e+02	3.86066e+03
2.12756e+02	3.98604e+03
2.13457e+02	4.11774e+03
2.14157e+02	4.25619e+03
2.14857e+02	4.40187e+03
2.15558e+02	4.55531e+03
2.16258e+02	4.71705e+03
2.16958e+02	4.88773e+03
2.17659e+02	5.06802e+03
2.18359e+02	5.25868e+03
2.19060e+02	5.46050e+03
2.19760e+02	5.67441e+03
2.20460e+02	5.90140e+03
2.21161e+02	6.14255e+03
2.21861e+02	6.39911e+03
2.22561e+02	6.67242e+03
2.23262e+02	6.96398e+03
2.23962e+02	7.27549e+03
2.24662e+02	7.60881e+03
2.25363e+02	7.96607e+03
2.26063e+02	8.34963e+03
2.26763e+02	8.76216e+03
2.27464e+02	9.20669e+03
2.28164e+02	9.68663e+03
2.28864e+02	1.02059e+04
2.29565e+02	1.07689e+04
2.30265e+02	1.13807e+04
2.30965e+02	1.20472e+04
2.31666e+02	1.27751e+04
2.32366e+02	1.35721e+04
2.33067e+02	1.44474e+04
2.33767e+02	1.54114e+04
2.34467e+02	1.64766e+04
2.35168e+02	1.76574e+04
2.35868e+02	1.89710e+04
2.36568e+02	2.04378e+04
2.37269e+02	2.20820e+04
2.37969e+02	2.39327e+04
2.38669e+02	2.60247e+04
2.39370e+02	2.84004e+04
2.40070e+02	3.11108e+04
2.40770e+02	3.42180e+04
2.41471e+02	3.77977e+04
2.42171e+02	4.19418e+04
2.42871e+02	4.67622e+04
2.43572e+02	5.23934e+04
2.44272e+02	5.89956e+04
2.44972e+02	6.67540e+04
2.45673e+02	7.58732e+04
2.46373e+02	8.65599e+04
2.47074e+02	9.89830e+04
2.47774e+02	1.13199e+05
2.48474e+02	1.29026e+05
2.49175e+02	1.45870e+05
2.49875e+02	1.62541e+05
2.50575e+02	1.77202e+05
2.51276e+02	1.87639e+05
2.51976e+02	1.91949e+05
2.52676e+02	1.89363e+05
2.53377e+02	1.80640e+05
2.54077e+02	1.67690e+05
2.54777e+02	1.52755e+05
2.55478e+02	1.37714e+05
2.56178e+02	1.23803e+05
2.56878e+02	1.11667e+05
2.57579e+02	1.01537e+05
2.58279e+02	9.34102e+04
2.58979e+02	8.71804e+04
2.59680e+02	8.27139e+04
2.60380e+02	7.98928e+04
2.61081e+02	7.86356e+04
2.61781e+02	7.89053e+04
2.62481e+02	8.07097e+04
2.63182e+02	8.40950e+04
2.63882e+02	8.91292e+04
2.64582e+02	9.58703e+04
2.65283e+02	1.04307e+05
2.65983e+02	1.14262e+05
2.66683e+02	1.25254e+05
2.67384e+02	1.36353e+05
2.68084e+02	1.46130e+05
2.68784e+02	1.52835e+05
2.69485e+02	1.54920e+05
2.70185e+02	1.51683e+05
2.70885e+02	1.43609e+05
2.71586e+02	1.32118e+05
2.72286e+02	1.18935e+05
2.72986e+02	1.05528e+05
2.73687e+02	9.28697e+04
2.74387e+02	8.14591e+04
2.75088e+02	7.14590e+04
2.75788e+02	6.28362e+04
2.76488e+02	5.54626e+04
2.77189e+02	4.91770e+04
2.77889e+02	4.38178e+04
2.78589e+02	3.92379e+04
2.79290e+02	3.53097e+04
2.79990e+02	3.19258e+04
2.80690e+02	2.89966e+04
2.81391e+02	2.64486e+04
2.82091e+02	2.42211e+04
2.82791e+02	2.22642e+04
2.83492e+02	2.05371e+04
2.84192e+02	1.90056e+04
2.84892e+02	1.76419e+04
2.85593e+02	1.64224e+04
2.86293e+02	1.53277e+04
2.86993e+02	1.43413e+04
2.87694e+02	1.34494e+04
2.88394e+02	1.26403e+04
2.89095e+02	1.19040e+04
2.89795e+02	1.12319e+04
2.90495e+02	1.06167e+04
2.91196e+02	1.00522e+04
2.91896e+02	9.53279e+03
2.92596e+02	9.05378e+03
2.93297e+02	8.61102e+03
2.93997e+02	8.20090e+03
2.94697e+02	7.82025e+03
2.95398e+02	7.46625e+03
2.96098e+02	7.13644e+03
2.96798e+02	6.82863e+03
2.97499e+02	6.54087e+03
2.98199e+02	6.27143e+03
2.98899e+02	6.01876e+03
2.99600e+02	5.78147e+03
3.00300e+02	5.55832e+03
3.01001e+02	5.34818e+03
3.01701e+02	5.15005e+03
3.02401e+02	4.96301e+03
3.03102e+02	4.78623e+03
3.03802e+02	4.61897e+03
3.04502e+02	4.46053e+03
3.05203e+02	4.31031e+03
3.05903e+02	4.16773e+03
3.06603e+02	4.03227e+03
3.07304e+02	3.90346e+03
3.08004e+02	3.78086e+03
3.08704e+02	3.66408e+03
3.09405e+02	3.55274e+03
3.10105e+02	3.44651e+03
3.10805e+02	3.34507e+03
3.11506e+02	3.24813e+03
3.12206e+02	3.15543e+03
3.12906e+02	3.06673e+03
3.13607e+02	2.98178e+03
3.14307e+02	2.90038e+03
3.15008e+02	2.82233e+03
3.15708e+02	2.74745e+03
3.16408e+02	2.67556e+03
3.17109e+02	2.60651e+03
3.17809e+02	2.54014e+03
3.18509e+02	2.47632e+03
3.19210e+02	2.41491e+03
3.19910e+02	2.35580e+03
3.20610e+02	2.29887e+03
3.21311e+02	2.24401e+03
3.22011e+02	2.19111e+03
3.22711e+02	2.14010e+03
3.23412e+02	2.09087e+03
3.24112e+02	2.04335e+03
3.24812e+02	1.99745e+03
3.25513e+02	1.95311e+03
3.26213e+02	1.91024e+03
3.26913e+02	1.86879e+03
3.27614e+02	1.82869e+03
3.28314e+02	1.78989e+03
3.29015e+02	1.75232e+03
3.29715e+02	1.71594e+03
3.30415e+02	1.68070e+03
3.31116e+02	1.64654e+03
3.31816e+02	1.61343e+03
3.32516e+02	1.58132e+03
3.33217e+02	1.55017e+03
3.33917e+02	1.51994e+03
3.34617e+02	1.49059e+03
3.35318e+02	1.46210e+03
3.36018e+02	1.43443e+03
3.36718e+02	1.40754e+03
3.37419e+02	1.38141e+03
3.38119e+02	1.35600e+03
3.38819e+02	1.33130e+03
3.39520e+02	1.30728e+03
3.40220e+02	1.28391e+03
3.40920e+02	1.26116e+03
3.41621e+02	1.23902e+03
3.42321e+02	1.21746e+03
3.43022e+02	1.19646e+03
3.43722e+02	1.17601e+03
3.44422e+02	1.15609e+03
3.45123e+02	1.13667e+03
3.45823e+02	1.11774e+03
3.46523e+02	1.09928e+03
3.47224e+02	1.08128e+03
3.47924e+02	1.06372e+03
3.48624e+02	1.04659e+03
3.49325e+02	1.02987e+03
3.50025e+02	1.01356e+03
3.50725e+02	9.97632e+02
3.51426e+02	9.82079e+02
3.52126e+02	9.66891e+02
3.52826e+02	9.52055e+02
3.53527e+02	9.37560e+02
3.54227e+02	9.23396e+02
3.54927e+02	9.09553e+02
3.55628e+02	8.96021e+02
3.56328e+02	8.82791e+02
3.57029e+02	8.69855e+02
3.57729e+02	8.57202e+02
3.58429e+02	8.44825e+02
3.59130e+02	8.32716e+02
3.59830e+02	8.20868e+02
3.60530e+02	8.09272e+02
3.61231e+02	7.97922e+02
3.61931e+02	7.86811e+02
3.62631e+02	7.75931e+02
3.63332e+02	7.65277e+02
3.64032e+02	7.54842e+02
3.64732e+02	7.44621e+02
3.65433e+02	7.34607e+02
3.66133e+02	7.24794e+02
3.66833e+02	7.15179e+02
3.67534e+02	7.05754e+02
3.68234e+02	6.96516e+02
3.68934e+02	6.87459e+02
3.69635e+02	6.78578e+02
3.70335e+02	6.69869e+02
3.71036e+02	6.61328e+02
3.71736e+02	6.52950e+02
3.72436e+02	6.44731e+02
3.73137e+02	6.36667e+02
3.73837e+02	6.28754e+02
3.74537e+02	6.20989e+02
3.75238e+02	6.13367e+02
3.75938e+02	6.05886e+02
3.76638e+02	5.98541e+02
3.77339e+02	5.91329e+02
3.78039e+02	5.84248e+02
3.78739e+02	5.77294e+02
3.79440e+02	5.70464e+02
3.80140e+02	5.63755e+02
3.80840e+02	5.57164e+02
3.81541e+02	5.50688e+02
3.82241e+02	5.44326e+02
3.82941e+02	5.38073e+02
3.83642e+02	5.31928e+02
3.84342e+02	5.25888e+02
3.85043e+02	5.19951e+02
3.85743e+02	5.14114e+02
3.86443e+02	5.08376e+02
3.87144e+02	5.02733e+02
3.87844e+02	4.97184e+02
3.88544e+02	4.91727e+02
3.89245e+02	4.86360e+02
3.89945e+02	4.81080e+02
3.90645e+02	4.75886e+02
3.91346e+02	4.70777e+02
3.92046e+02	4.65749e+02
3.92746e+02	4.60802e+02
3.93447e+02	4.55934e+02
3.94147e+02	4.51142e+02
3.94847e+02	4.46426e+02
3.95548e+02	4.41784e+02
3.96248e+02	4.37214e+02
3.96948e+02	4.32715e+02
3.97649e+02	4.28285e+02
3.98349e+02	4.23924e+02
3.99050e+02	4.19628e+02
3.99750e+02	4.15398e+02
4.00450e+02	4.11232e+02
4.01151e+02	4.07128e+02
4.01851e+02	4.03086e+02
4.02551e+02	3.99104e+02
4.03252e+02	3.95180e+02
4.03952e+02	3.91315e+02
4.04652e+02	3.87506e+02
4.05353e+02	3.83753e+02
4.06053e+02	3.80054e+02
4.06753e+02	3.76408e+02
4.07454e+02	3.72815e+02
4.08154e+02	3.69273e+02
4.08854e+02	3.65782e+02
4.09555e+02	3.62340e+02
4.10255e+02	3.58946e+02
4.10955e+02	3.55600e+02
4.11656e+02	3.52301e+02
4.12356e+02	3.49048e+02
4.13057e+02	3.45839e+02
4.13757e+02	3.42675e+02
4.14457e+02	3.39554e+02
4.15158e+02	3.36476e+02
4.15858e+02	3.33439e+02
4.16558e+02	3.30444e+02
4.17259e+02	3.27489e+02
4.17959e+02	3.24573e+02
4.18659e+02	3.21696e+02
4.19360e+02	3.18858e+02
4.20060e+02	3.16057e+02
4.20760e+02	3.13293e+02
4.21461e+02	3.10565e+02
4.22161e+02	3.07872e+02
4.22861e+02	3.05215e+02
4.23562e+02	3.02592e+02
4.24262e+02	3.00002e+02
4.24962e+02	2.97446e+02
4.25663e+02	2.94922e+02
4.26363e+02	2.92431e+02
4.27064e+02	2.89971e+02
4.27764e+02	2.87542e+02
4.28464e+02	2.85143e+02
4.29165e+02	2.82775e+02
4.29865e+02	2.80436e+02
4.30565e+02	2.78125e+02
4.31266e+02	2.75844e+02
4.31966e+02	2.73590e+02
4.32666e+02	2.71364e+02
4.33367e+02	2.69165e+02
4.34067e+02	2.66993e+02
4.34767e+02	2.64847e+02
4.35468e+02	2.62727e+02
4.36168e+02	2.60632e+02
4.36868e+02	2.58562e+02
4.37569e+02	2.56517e+02
4.38269e+02	2.54496e+02
4.38969e+02	2.52499e+02
4.39670e+02	2.50525e+02
4.40370e+02	2.48575e+02
4.41071e+02	2.46647e+02
4.41771e+02	2.44741e+02
4.42471e+02	2.42858e+02
4.43172e+02	2.40996e+02
4.43872e+02	2.39156e+02
4.44572e+02	2.37337e+02
4.45273e+02	2.35538e+02
4.45973e+02	2.33760e+02
4.46673e+02	2.32002e+02
4.47374e+02	2.30264e+02
4.48074e+02	2.28545e+02
4.48774e+02	2.26846e+02
4.49475e+02	2.25165e+02
4.50175e+02	2.23503e+02
4.50875e+02	2.21860e+02
4.51576e+02	2.20234e+02
4.52276e+02	2.18626e+02
4.52976e+02	2.17036e+02
4.53677e+02	2.15464e+02
4.54377e+02	2.13908e+02
4.55078e+02	2.12369e+02
4.55778e+02	2.10847e+02
4.56478e+02	2.09341e+02
4.57179e+02	2.07851e+02
4.57879e+02	2.06377e+02
4.58579e+02	2.04919e+02
4.59280e+02	2.03476e+02
4.59980e+02	2.02048e+02
4.60680e+02	2.00635e+02
4.61381e+02	1.99237e+02
4.62081e+02	1.97854e+02
4.62781e+02	1.96485e+02
4.63482e+02	1.95130e+02
4.64182e+02	1.93790e+02
4.64882e+02	1.92463e+02
4.65583e+02	1.91149e+02
4.66283e+02	1.89849e+02
4.66983e+02	1.88562e+02
4.67684e+02	1.87289e+02
4.68384e+02	1.86028e+02
4.69085e+02	1.84780e+02
4.69785e+02	1.83544e+02
4.70485e+02	1.82321e+02
4.71186e+02	1.81110e+02
4.71886e+02	1.79911e+02
4.72586e+02	1.78724e+02
4.73287e+02	1.77549e+02
4.73987e+02	1.76385e+02
4.74687e+02	1.75233e+02
4.75388e+02	1.74092e+02
4.76088e+02	1.72962e+02
4.76788e+02	1.71843e+02
4.77489e+02	1.70735e+02
4.78189e+02	1.69638e+02
4.78889e+02	1.68551e+02
4.79590e+02	1.67474e+02
4.80290e+02	1.66408e+02
4.80990e+02	1.65352e+02
4.81691e+02	1.64306e+02
4.82391e+02	1.63270e+02
4.83092e+02	1.62244e+02
4.83792e+02	1.61228e+02
4.84492e+02	1.60221e+02
4.85193e+02	1.59223e+02
4.85893e+02	1.58235e+02
4.86593e+02	1.57256e+02
4.87294e+02	1.56285e+02
4.87994e+02	1.55324e+02
4.88694e+02	1.54372e+02
4.89395e+02	1.53429e+02
4.90095e+02	1.52494e+02
4.90795e+02	1.51567e+02
4.91496e+02	1.50649e+02
4.92196e+02	1.49740e+02
4.92896e+02	1.48839e+02
4.93597e+02	1.47945e+02
4.94297e+02	1.47060e+02
4.94997e+02	1.46183e+02
4.95698e+02	1.45313e+02
4.96398e+02	1.44452e+02
4.97099e+02	1.43598e+02
4.97799e+02	1.42751e+02
4.98499e+02	1.41912e+02
4.99200e+02	1.41080e+02
4.99900e+02	1.40256e+02
5.00600e+02	1.39439e+02
5.01301e+02	1.38629e+02
5.02001e+02	1.37826e+02
5.02701e+02	1.37030e+02
5.03402e+02	1.36241e+02
5.04102e+02	1.35459e+02
5.04802e+02	1.34683e+02
5.05503e+02	1.33914e+02
5.06203e+02	1.33152e+02
5.06903e+02	1.32396e+02
5.07604e+02	1.31647e+02
5.08304e+02	1.30903e+02
5.09005e+02	1.30167e+02
5.09705e+02	1.29436e+02
5.10405e+02	1.28712e+02
5.11106e+02	1.27993e+02
5.11806e+02	1.27281e+02
5.12506e+02	1.26574e+02
5.13207e+02	1.25874e+02
5.13907e+02	1.25179e+02
5.14607e+02	1.24490e+02
5.15308e+02	1.23807e+02
5.16008e+02	1.23129e+02
5.16708e+02	1.22457e+02
5.17409e+02	1.21790e+02
5.18109e+02	1.21129e+02
5.18809e+02	1.20473e+02
5.19510e+02	1.19823e+02
5.20210e+02	1.19177e+02
5.20910e+02	1.18537e+02
5.21611e+02	1.17902e+02
5.22311e+02	1.17273e+02
5.23012e+02	1.16648e+02
5.23712e+02	1.16028e+02
5.24412e+02	1.15413e+02
5.25113e+02	1.14803e+02
5.25813e+02	1.14198e+02
5.26513e+02	1.13597e+02
5.27214e+02	1.13002e+02
5.27914e+02	1.12411e+02
5.28614e+02	1.11824e+02
5.29315e+02	1.11243e+02
5.30015e+02	1.10665e+02
5.30715e+02	1.10093e+02
5.31416e+02	1.09524e+02
5.32116e+02	1.08960e+02
5.32816e+02	1.08401e+02
5.33517e+02	1.07846e+02
5.34217e+02	1.07295e+02
5.34917e+02	1.06748e+02
5.35618e+02	1.06205e+02
5.36318e+02	1.05667e+02
5.37019e+02	1.05132e+02
5.37719e+02	1.04602e+02
5.38419e+02	1.04076e+02
5.39120e+02	1.03553e+02
5.39820e+02	1.03035e+02
5.40520e+02	1.02520e+02
5.41221e+02	1.02009e+02
5.41921e+02	1.01502e+02
5.42621e+02	1.00999e+02
5.43322e+02	1.00500e+02
5.44022e+02	1.00004e+02
5.44722e+02	9.95121e+01
5.45423e+02	9.90237e+01
5.46123e+02	9.85389e+01
5.46823e+02	9.80576e+01
5.47524e+02	9.75799e+01
5.48224e+02	9.71056e+01
5.48924e+02	9.66348e+01
5.49625e+02	9.61674e+01
5.50325e+02	9.57034e+01
5.51026e+02	9.52427e+01
5.51726e+02	9.47854e+01
5.52426e+02	9.43313e+01
5.53127e+02	9.38805e+01
5.53827e+02	9.34329e+01
5.54527e+02	9.29886e+01
5.55228e+02	9.25474e+01
5.55928e+02	9.21093e+01
5.56628e+02	9.16743e+01
5.57329e+02	9.12424e+01
5.58029e+02	9.08136e+01
5.58729e+02	9.03878e+01
5.59430e+02	8.99649e+01
5.60130e+02	8.95451e+01
5.60830e+02	8.91281e+01
5.61531e+02	8.87141e+01
5.62231e+02	8.83029e+01
5.62931e+02	8.78946e+01
5.63632e+02	8.74892e+01
5.64332e+02	8.70865e+01
5.65033e+02	8.66866e+01
5.65733e+02	8.62895e+01
5.66433e+02	8.58951e+01
5.67134e+02	8.55033e+01
5.67834e+02	8.51143e+01
5.68534e+02	8.47279e+01
5.69235e+02	8.43442e+01
5.69935e+02	8.39630e+01
5.70635e+02	8.35844e+01
5.71336e+02	8.32084e+01
5.72036e+02	8.28349e+01
5.72736e+02	8.24639e+01
5.73437e+02	8.20954e+01
5.74137e+02	8.17294e+01
5.74837e+02	8.13658e+01
5.75538e+02	8.10047e+01
5.76238e+02	8.06459e+01
5.76938e+02	8.02895e+01
5.77639e+02	7.99355e+01
5.78339e+02	7.95838e+01
5.79040e+02	7.92345e+01
5.79740e+02	7.88874e+01
5.80440e+02	7.85426e+01
5.81141e+02	7.82001e+01
5.81841e+02	7.78598e+01
5.82541e+02	7.75217e+01
5.83242e+02	7.71858e+01
5.83942e+02	7.68521e+01
5.84642e+02	7.65206e+01
5.85343e+02	7.61912e+01
5.86043e+02	7.58639e+01
5.86743e+02	7.55388e+01
5.87444e+02	7.52157e+01
5.88144e+02	7.48947e+01
5.88844e+02	7.45757e+01
5.89545e+02	7.42588e+01
5.90245e+02	7.39439e+01
5.90945e+02	7.36310e+01
5.91646e+02	7.33201e+01
5.92346e+02	7.30111e+01
5.93047e+02	7.27041e+01
5.93747e+02	7.23990e+01
5.94447e+02	7.20959e+01
5.95148e+02	7.17946e+01
5.95848e+02	7.14952e+01
5.96548e+02	7.11977e+01
5.97249e+02	7.09021e+01
5.97949e+02	7.06083e+01
5.98649e+02	7.03163e+01
5.99350e+02	7.00261e+01
6.00050e+02	6.97378e+01
6.00750e+02	6.94512e+01
6.01451e+02	6.91663e+01
6.02151e+02	6.88832e+01
6.02851e+02	6.86019e+01
6.03552e+02	6.83223e+01
6.04252e+02	6.80443e+01
6.04952e+02	6.77681e+01
6.05653e+02	6.74935e+01
6.06353e+02	6.72207e+01
6.07054e+02	6.69494e+01
6.07754e+02	6.66798e+01
6.08454e+02	6.64119e+01
6.09155e+02	6.61455e+01
6.09855e+02	6.58808e+01
6.10555e+02	6.56176e+01
6.11256e+02	6.53560e+01
6.11956e+02	6.50960e+01
6.12656e+02	6.48375e+01
6.13357e+02	6.45805e+01
6.14057e+02	6.43251e+01
6.14757e+02	6.40712e+01
6.15458e+02	6.38188e+01
6.16158e+02	6.35679e+01
6.16858e+02	6.33185e+01
6.17559e+02	6.30705e+01
6.18259e+02	6.28240e+01
6.18959e+02	6.25789e+01
6.19660e+02	6.23353e+01
6.20360e+02	6.20931e+01
6.21061e+02	6.18522e+01
6.21761e+02	6.16128e+01
6.22461e+02	6.13748e+01
6.23162e+02	6.11382e+01
6.23862e+02	6.09029e+01
6.24562e+02	6.06690e+01
6.25263e+02	6.04364e+01
6.25963e+02	6.02051e+01
6.26663e+02	5.99752e+01
6.27364e+02	5.97466e+01
6.28064e+02	5.95193e+01
6.28764e+02	5.92933e+01
6.29465e+02	5.90686e+01
6.30165e+02	5.88452e+01
6.30865e+02	5.86230e+01
6.31566e+02	5.84021e+01
6.32266e+02	5.81824e+01
6.32966e+02	5.79640e+01
6.33667e+02	5.77468e+01
6.34367e+02	5.75308e+01
6.35068e+02	5.73160e+01
6.35768e+02	5.71024e+01
6.36468e+02	5.68901e+01
6.37169e+02	5.66789e+01
6.37869e+02	5.64688e+01
6.38569e+02	5.62600e+01
6.39270e+02	5.60523e+01
6.39970e+02	5.58457e+01
6.40670e+02	5.56403e+01
6.41371e+02	5.54360e+01
6.42071e+02	5.52329e+01
6.42771e+02	5.50308e+01
6.43472e+02	5.48299e+01
6.44172e+02	5.46301e+01
6.44872e+02	5.44313e+01
6.45573e+02	5.42337e+01
6.46273e+02	5.40371e+01
6.46973e+02	5.38416e+01
6.47674e+02	5.36471e+01
6.48374e+02	5.34537e+01
6.49075e+02	5.32613e+01
6.49775e+02	5.30700e+01
6.50475e+02	5.28797e+01
6.51176e+02	5.26904e+01
6.51876e+02	5.25022e+01
6.52576e+02	5.23149e+01
6.53277e+02	5.21287e+01
6.53977e+02	5.19434e+01
6.54677e+02	5.17591e+01
6.55378e+02	5.15759e+01
6.56078e+02	5.13935e+01
6.56778e+02	5.12122e+01
6.57479e+02	5.10318e+01
6.58179e+02	5.08523e+01
6.58879e+02	5.06738e+01
6.59580e+02	5.04963e+01
6.60280e+02	5.03197e+01
6.60980e+02	5.01440e+01
6.61681e+02	4.99692e+01
6.62381e+02	4.97953e+01
6.63082e+02	4.96223e+01
6.63782e+02	4.94503e+01
6.64482e+02	4.92791e+01
6.65183e+02	4.91088e+01
6.65883e+02	4.89394e+01
6.66583e+02	4.87709e+01
6.67284e+02	4.86032e+01
6.67984e+02	4.84364e+01
6.68684e+02	4.82705e+01
6.69385e+02	4.81054e+01
6.70085e+02	4.79412e+01
6.70785e+02	4.77778e+01
6.71486e+02	4.76152e+01
6.72186e+02	4.74535e+01
6.72886e+02	4.72926e+01
6.73587e+02	4.71325e+01
6.74287e+02	4.69732e+01
6.74987e+02	4.68147e+01
6.75688e+02	4.66570e+01
6.76388e+02	4.65002e+01
6.77089e+02	4.63441e+01
6.77789e+02	4.61888e+01
6.78489e+02	4.60342e+01
6.79190e+02	4.58805e+01
6.79890e+02	4.57275e+01
6.80590e+02	4.55753e+01
6.81291e+02	4.54238e+01
6.81991e+02	4.52731e+01
6.82691e+02	4.51232e+01
6.83392e+02	4.49740e+01
6.84092e+02	4.48255e+01
6.84792e+02	4.46777e+01
6.85493e+02	4.45307e+01
6.86193e+02	4.43844e+01
6.86893e+02	4.42389e+01
6.87594e+02	4.40940e+01
6.88294e+02	4.39499e+01
6.88994e+02	4.38065e+01
6.89695e+02	4.36637e+01
6.90395e+02	4.35217e+01
6.91096e+02	4.33804e+01
6.91796e+02	4.32397e+01
6.92496e+02	4.30997e+01
6.93197e+02	4.29604e+01
6.93897e+02	4.28218e+01
6.94597e+02	4.26839e+01
6.95298e+02	4.25466e+01
6.95998e+02	4.24100e+01
6.96698e+02	4.22740e+01
6.97399e+02	4.21387e+01
6.98099e+02	4.20040e+01
6.98799e+02	4.18700e+01
6.99500e+02	4.17366e+01
7.00200e+02	4.16039e+01
7.00900e+02	4.14718e+01
7.01601e+02	4.13403e+01
7.02301e+02	4.12095e+01
7.03002e+02	4.10792e+01
7.03702e+02	4.09496e+01
7.04402e+02	4.08206e+01
7.05103e+02	4.06922e+01
7.05803e+02	4.05644e+01
7.06503e+02	4.04372e+01
7.07204e+02	4.03106e+01
7.07904e+02	4.01846e+01
7.08604e+02	4.00592e+01
7.09305e+02	3.99344e+01
7.10005e+02	3.98102e+01
7.10705e+02	3.96865e+01
7.11406e+02	3.95634e+01
7.12106e+02	3.94409e+01
7.12806e+02	3.93190e+01
7.13507e+02	3.91976e+01
7.14207e+02	3.90768e+01
7.14907e+02	3.89565e+01
7.15608e+02	3.88368e+01
7.16308e+02	3.87176e+01
7.17009e+02	3.85990e+01
7.17709e+02	3.84810e+01
7.18409e+02	3.83635e+01
7.19110e+02	3.82465e+01
7.19810e+02	3.81300e+01
7.20510e+02	3.80141e+01
7.21211e+02	3.78987e+01
7.21911e+02	3.77838e+01
7.22611e+02	3.76695e+01
7.23312e+02	3.75557e+01
7.24012e+02	3.74424e+01
7.24712e+02	3.73296e+01
7.25413e+02	3.72173e+01
7.26113e+02	3.71055e+01
7.26813e+02	3.69942e+01
7.27514e+02	3.68834e+01
7.28214e+02	3.67732e+01
7.28914e+02	3.66634e+01
7.29615e+02	3.65541e+01
7.30315e+02	3.64453e+01
7.31016e+02	3.63369e+01
7.31716e+02	3.62291e+01
7.32416e+02	3.61217e+01
7.33117e+02	3.60148e+01
7.33817e+02	3.59084e+01
7.34517e+02	3.58025e+01
7.35218e+02	3.56970e+01
7.35918e+02	3.55920e+01
7.36618e+02	3.54875e+01
7.37319e+02	3.53834e+01
7.38019e+02	3.52798e+01
7.38719e+02	3.51766e+01
7.39420e+02	3.50739e+01
7.40120e+02	3.49716e+01
7.40820e+02	3.48698e+01
7.41521e+02	3.47684e+01
7.42221e+02	3.46675e+01
7.42921e+02	3.45670e+01
7.43622e+02	3.44669e+01
7.44322e+02	3.43673e+01
7.45023e+02	3.42681e+01
7.45723e+02	3.41693e+01
7.46423e+02	3.40710e+01
7.47124e+02	3.39730e+01
7.47824e+02	3.38755e+01
7.48524e+02	3.37785e+01
7.49225e+02	3.36818e+01
7.49925e+02	3.35856e+01
7.50625e+02	3.34897e+01
7.51326e+02	3.33943e+01
7.52026e+02	3.32993e+01
7.52726e+02	3.32047e+01
7.53427e+02	3.31105e+01
7.54127e+02	3.30167e+01
7.54827e+02	3.29233e+01
7.55528e+02	3.28302e+01
7.56228e+02	3.27376e+01
7.56928e+02	3.26454e+01
7.57629e+02	3.25536e+01
7.58329e+02	3.24621e+01
7.59030e+02	3.23710e+01
7.59730e+02	3.22804e+01
7.60430e+02	3.21900e+01
7.61131e+02	3.21001e+01
7.61831e+02	3.20106e+01
7.62531e+02	3.19214e+01
7.63232e+02	3.18326e+01
7.63932e+02	3.17442e+01
7.64632e+02	3.16561e+01
7.65333e+02	3.15684e+01
7.66033e+02	3.14811e+01
7.66733e+02	3.13941e+01
7.67434e+02	3.13075e+01
7.68134e+02	3.12212e+01
7.68834e+02	3.11353e+01
7.69535e+02	3.10498e+01
7.70235e+02	3.09646e+01
7.70935e+02	3.08798e+01
7.71636e+02	3.07953e+01
7.72336e+02	3.07111e+01
7.73037e+02	3.06273e+01
7.73737e+02	3.05439e+01
7.74437e+02	3.04607e+01
7.75138e+02	3.03780e+01
7.75838e+02	3.02955e+01
7.76538e+02	3.02134e+01
7.77239e+02	3.01316e+01
7.77939e+02	3.00502e+01
7.78639e+02	2.99691e+01
7.79340e+02	2.98883e+01
7.80040e+02	2.98078e+01
7.80740e+02	2.97277e+01
7.81441e+02	2.96479e+01
7.82141e+02	2.95684e+01
7.82841e+02	2.94892e+01
7.83542e+02	2.94104e+01
7.84242e+02	2.93318e+01
7.84942e+02	2.92536e+01
7.85643e+02	2.91757e+01
7.86343e+02	2.90981e+01
7.87044e+02	2.90208e+01
7.87744e+02	2.89438e+01
7.88444e+02	2.88672e+01
7.89145e+02	2.87908e+01
7.89845e+02	2.87147e+01
7.90545e+02	2.86389e+01
7.91246e+02	2.85635e+01
7.91946e+02	2.84883e+01
7.92646e+02	2.84134e+01
7.93347e+02	2.83389e+01
7.94047e+02	2.82646e+01
7.94747e+02	2.81906e+01
7.95448e+02	2.81169e+01
7.96148e+02	2.80435e+01
7.96848e+02	2.79703e+01
7.97549e+02	2.78975e+01
7.98249e+02	2.78249e+01
7.98949e+02	2.77526e+01
7.99650e+02	2.76807e+01
8.00350e+02	2.76089e+01
8.01051e+02	2.75375e+01
8.01751e+02	2.74663e+01
8.02451e+02	2.73955e+01
8.03152e+02	2.73249e+01
8.03852e+02	2.72545e+01
8.04552e+02	2.71845e+01
8.05253e+02	2.71147e+01
8.05953e+02	2.70451e+01
8.06653e+02	2.69759e+01
8.07354e+02	2.69069e+01
8.08054e+02	2.68381e+01
8.08754e+02	2.67697e+01
8.09455e+02	2.67015e+01
8.10155e+02	2.66335e+01
8.10855e+02	2.65658e+01
8.11556e+02	2.64984e+01
8.12256e+02	2.64312e+01
8.12956e+02	2.63643e+01
8.13657e+02	2.62977e+01
8.14357e+02	2.62313e+01
8.15058e+02	2.61651e+01
8.15758e+02	2.60992e+01
8.16458e+02	2.60335e+01
8.17159e+02	2.59681e+01
8.17859e+02	2.59030e+01
8.18559e+02	2.58380e+01
8.19260e+02	2.57734e+01
8.19960e+02	2.57089e+01
8.20660e+02	2.56447e+01
8.21361e+02	2.55808e+01
8.22061e+02	2.55171e+01
8.22761e+02	2.54536e+01
8.23462e+02	2.53904e+01
8.24162e+02	2.53273e+01
8.24862e+02	2.52646e+01
8.25563e+02	2.52020e+01
8.26263e+02	2.51397e+01
8.26963e+02	2.50777e+01
8.27664e+02	2.50158e+01
8.28364e+02	2.49542e+01
8.29065e+02	2.48928e+01
8.29765e+02	2.48317e+01
8.30465e+02	2.47707e+01
8.31166e+02	2.47100e+01
8.31866e+02	2.46495e+01
8.32566e+02	2.45893e+01
8.33267e+02	2.45292e+01
8.33967e+02	2.44694e+01
8.34667e+02	2.44098e+01
8.35368e+02	2.43504e+01
8.36068e+02	2.42912e+01
8.36768e+02	2.42322e+01
8.37469e+02	2.41735e+01
8.38169e+02	2.41150e+01
8.38869e+02	2.40567e+01
8.39570e+02	2.39985e+01
8.40270e+02	2.39406e+01
8.40970e+02	2.38830e+01
8.41671e+02	2.38255e+01
8.42371e+02	2.37682e+01
8.43072e+02	2.37111e+01
8.43772e+02	2.36543e+01
8.44472e+02	2.35976e+01
8.45173e+02	2.35412e+01
8.45873e+02	2.34849e+01
8.46573e+02	2.34289e+01
8.47274e+02	2.33730e+01
8.47974e+02	2.33174e+01
8.48674e+02	2.32619e+01
8.49375e+02	2.32067e+01
8.50075e+02	2.31516e+01
8.50775e+02	2.30968e+01
8.51476e+02	2.30421e+01
8.52176e+02	2.29876e+01
8.52876e+02	2.29333e+01
8.53577e+02	2.28793e+01
8.54277e+02	2.28254e+01
8.54977e+02	2.27717e+01
8.55678e+02	2.27181e+01
8.56378e+02	2.26648e+01
8.57079e+02	2.26117e+01
8.57779e+02	2.25587e+01
8.58479e+02	2.25059e+01
8.59180e+02	2.24534e+01
8.59880e+02	2.24010e+01
8.60580e+02	2.23488e+01
8.61281e+02	2.22967e+01
8.61981e+02	2.22449e+01
8.62681e+02	2.21932e+01
8.63382e+02	2.21417e+01
8.64082e+02	2.20904e+01
8.64782e+02	2.20393e+01
8.65483e+02	2.19883e+01
8.66183e+02	2.19375e+01
8.66883e+02	2.18869e+01
8.67584e+02	2.18365e+01
8.68284e+02	2.17862e+01
8.68984e+02	2.17362e+01
8.69685e+02	2.16862e+01
8.70385e+02	2.16365e+01
8.71086e+02	2.15869e+01
8.71786e+02	2.15375e+01
8.72486e+02	2.14883e+01
8.73187e+02	2.14393e+01
8.73887e+02	2.13904e+01
8.74587e+02	2.13417e+01
8.75288e+02	2.12931e+01
8.75988e+02	2.12447e+01
8.76688e+02	2.11965e+01
8.77389e+02	2.11484e+01
8.78089e+02	2.11005e+01
8.78789e+02	2.10528e+01
8.79490e+02	2.10052e+01
8.80190e+02	2.09578e+01
8.80890e+02	2.09105e+01
8.81591e+02	2.08634e+01
8.82291e+02	2.08165e+01
8.82991e+02	2.07697e+01
8.83692e+02	2.07231e+01
8.84392e+02	2.06767e+01
8.85093e+02	2.06303e+01
8.85793e+02	2.05842e+01
8.86493e+02	2.05382e+01
8.87194e+02	2.04924e+01
8.87894e+02	2.04467e+01
8.88594e+02	2.04011e+01
8.89295e+02	2.03557e+01
8.89995e+02	2.03105e+01
8.90695e+02	2.02654e+01
8.91396e+02	2.02205e+01
8.92096e+02	2.01757e+01
8.92796e+02	2.01311e+01
8.93497e+02	2.00866e+01
8.94197e+02	2.00423e+01
8.94897e+02	1.99981e+01
8.95598e+02	1.99540e+01
8.96298e+02	1.99101e+01
8.96998e+02	1.98664e+01
8.97699e+02	1.98228e+01
8.98399e+02	1.97793e+01
8.99100e+02	1.97360e+01
8.99800e+02	1.96928e+01
9.00500e+02	1.96497e+01
9.01201e+02	1.96068e+01
9.01901e+02	1.95641e+01
9.02601e+02	1.95215e+01
9.03302e+02	1.94790e+01
9.04002e+02	1.94366e+01
9.04702e+02	1.93944e+01
9.05403e+02	1.93524e+01
9.06103e+02	1.93104e+01
9.06803e+02	1.92686e+01
9.07504e+02	1.92270e+01
9.08204e+02	1.91854e+01
9.08904e+02	1.91441e+01
9.09605e+02	1.91028e+01
9.10305e+02	1.90617e+01
9.11006e+02	1.90207e+01
9.11706e+02	1.89798e+01
9.12406e+02	1.89391e+01
9.13107e+02	1.88985e+01
9.13807e+02	1.88580e+01
9.14507e+02	1.88177e+01
9.15208e+02	1.87775e+01
9.15908e+02	1.87374e+01
9.16608e+02	1.86975e+01
9.17309e+02	1.86577e+01
9.18009e+02	1.86180e+01
9.18709e+02	1.85784e+01
9.19410e+02	1.85390e+01
9.20110e+02	1.84996e+01
9.20810e+02	1.84604e+01
9.21511e+02	1.84214e+01
9.22211e+02	1.83824e+01
9.22911e+02	1.83436e+01
9.23612e+02	1.83049e+01
9.24312e+02	1.82663e+01
9.25013e+02	1.82279e+01
9.25713e+02	1.81896e+01
9.26413e+02	1.81514e+01
9.27114e+02	1.81133e+01
9.27814e+02	1.80753e+01
9.28514e+02	1.80374e+01
9.29215e+02	1.79997e+01
9.29915e+02	1.79621e+01
9.30615e+02	1.79246e+01
9.31316e+02	1.78872e+01
9.32016e+02	1.78500e+01
9.32716e+02	1.78128e+01
9.33417e+02	1.77758e+01
9.34117e+02	1.77389e+01
9.34817e+02	1.77021e+01
9.35518e+02	1.76654e+01
9.36218e+02	1.76288e+01
9.36918e+02	1.75924e+01
9.37619e+02	1.75560e+01
9.38319e+02	1.75198e+01
9.39020e+02	1.74837e+01
9.39720e+02	1.74476e+01
9.40420e+02	1.74118e+01
9.41121e+02	1.73760e+01
9.41821e+02	1.73403e+01
9.42521e+02	1.73047e+01
9.43222e+02	1.72693e+01
9.43922e+02	1.72339e+01
9.44622e+02	1.71987e+01
9.45323e+02	1.71635e+01
9.46023e+02	1.71285e+01
9.46723e+02	1.70936e+01
9.47424e+02	1.70588e+01
9.48124e+02	1.70241e+01
9.48824e+02	1.69895e+01
9.49525e+02	1.69550e+01
9.50225e+02	1.69206e+01
9.50925e+02	1.68863e+01
9.51626e+02	1.68521e+01
9.52326e+02	1.68181e+01
9.53027e+02	1.67841e+01
9.53727e+02	1.67502e+01
9.54427e+02	1.67165e+01
9.55128e+02	1.66828e+01
9.55828e+02	1.66492e+01
9.56528e+02	1.66158e+01
9.57229e+02	1.65824e+01
9.57929e+02	1.65491e+01
9.58629e+02	1.65160e+01
9.59330e+02	1.64829e+01
9.60030e+02	1.64500e+01
9.60730e+02	1.64171e+01
9.61431e+02	1.63843e+01
9.62131e+02	1.63517e+01
9.62831e+02	1.63191e+01
9.63532e+02	1.62866e+01
9.64232e+02	1.62542e+01
9.64932e+02	1.62220e+01
9.65633e+02	1.61898e+01
9.66333e+02	1.61577e+01
9.67034e+02	1.61257e+01
9.67734e+02	1.60938e+01
9.68434e+02	1.60620e+01
9.69135e+02	1.60303e+01
9.69835e+02	1.59987e+01
9.70535e+02	1.59672e+01
9.71236e+02	1.59357e+01
9.71936e+02	1.59044e+01
9.72636e+02	1.58731e+01
9.73337e+02	1.58420e+01
9.74037e+02	1.58109e+01
9.74737e+02	1.57800e+01
9.75438e+02	1.57491e+01
9.76138e+02	1.57183e+01
9.76838e+02	1.56876e+01
9.77539e+02	1.56570e+01
9.78239e+02	1.56265e+01
9.78939e+02	1.55961e+01
9.79640e+02	1.55657e+01
9.80340e+02	1.55355e+01
9.81041e+02	1.55053e+01
9.81741e+02	1.54752e+01
9.82441e+02	1.54452e+01
9.83142e+02	1.54153e+01
9.83842e+02	1.53855e+01
9.84542e+02	1.53558e+01
9.85243e+02	1.53262e+01
9.85943e+02	1.52966e+01
9.86643e+02	1.52671e+01
9.87344e+02	1.52377e+01
9.88044e+02	1.52084e+01
9.88744e+02	1.51792e+01
9.89445e+02	1.51501e+01
9.90145e+02	1.51210e+01
9.90845e+02	1.50921e+01
9.91546e+02	1.50632e+01
9.92246e+02	1.50344e+01
9.92946e+02	1.50057e+01
9.93647e+02	1.49771e+01
9.94347e+02	1.49485e+01
9.95048e+02	1.49200e+01
9.95748e+02	1.48916e+01
9.96448e+02	1.48633e+01
9.97149e+02	1.48351e+01
9.97849e+02	1.48070e+01
9.98549e+02	1.47789e+01
9.99250e+02	1.47509e+01
9.99950e+02	1.47230e+01
1.00065e+03	1.46952e+01
1.00135e+03	1.46674e+01
1.00205e+03	1.46398e+01
1.00275e+03	1.46122e+01
1.00345e+03	1.45846e+01
1.00415e+03	1.45572e+01
1.00485e+03	1.45298e+01
1.00555e+03	1.45026e+01
1.00625e+03	1.44754e+01
1.00695e+03	1.44482e+01
1.00765e+03	1.44212e+01
1.00835e+03	1.43942e+01
1.00905e+03	1.43673e+01
1.00975e+03	1.43405e+01
1.01046e+03	1.43137e+01
1.01116e+03	1.42870e+01
1.01186e+03	1.42604e+01
1.01256e+03	1.42339e+01
1.01326e+03	1.42075e+01
1.01396e+03	1.41811e+01
1.01466e+03	1.41548e+01
1.01536e+03	1.41285e+01
1.01606e+03	1.41024e+01
1.01676e+03	1.40763e+01
1.01746e+03	1.40503e+01
1.01816e+03	1.40243e+01
1.01886e+03	1.39985e+01
1.01956e+03	1.39727e+01
1.02026e+03	1.39469e+01
1.02096e+03	1.39213e+01
1.02166e+03	1.38957e+01
1.02236e+03	1.38702e+01
1.02306e+03	1.38447e+01
1.02376e+03	1.38193e+01
1.02446e+03	1.37940e+01
1.02516e+03	1.37688e+01
1.02586e+03	1.37436e+01
1.02656e+03	1.37185e+01
1.02726e+03	1.36935e+01
1.02796e+03	1.36685e+01
1.02866e+03	1.36436e+01
1.02936e+03	1.36188e+01
1.03007e+03	1.35941e+01
1.03077e+03	1.35694e+01
1.03147e+03	1.35447e+01
1.03217e+03	1.35202e+01
1.03287e+03	1.34957e+01
1.03357e+03	1.34713e+01
1.03427e+03	1.34469e+01
1.03497e+03	1.34226e+01
1.03567e+03	1.33984e+01
1.03637e+03	1.33742e+01
1.03707e+03	1.33501e+01
1.03777e+03	1.33261e+01
1.03847e+03	1.33021e+01
1.03917e+03	1.32782e+01
1.03987e+03	1.32544e+01
1.04057e+03	1.32306e+01
1.04127e+03	1.32069e+01
1.04197e+03	1.31833e+01
1.04267e+03	1.31597e+01
1.04337e+03	1.31362e+01
1.04407e+03	1.31127e+01
1.04477e+03	1.30893e+01
1.04547e+03	1.30660e+01
1.04617e+03	1.30427e+01
1.04687e+03	1.30195e+01
1.04757e+03	1.29964e+01
1.04827e+03	1.29733e+01
1.04897e+03	1.29503e+01
1.04967e+03	1.29273e+01
1.05038e+03	1.29044e+01
1.05108e+03	1.28816e+01
1.05178e+03	1.28588e+01
1.05248e+03	1.28361e+01
1.05318e+03	1.28135e+01
1.05388e+03	1.27909e+01
1.05458e+03	1.27683e+01
1.05528e+03	1.27458e+01
1.05598e+03	1.27234e+01
1.05668e+03	1.27011e+01
1.05738e+03	1.26788e+01
1.05808e+03	1.26565e+01
1.05878e+03	1.26343e+01
1.05948e+03	1.26122e+01
1.06018e+03	1.25902e+01
1.06088e+03	1.25681e+01
1.06158e+03	1.25462e+01
1.06228e+03	1.25243e+01
1.06298e+03	1.25025e+01
1.06368e+03	1.24807e+01
1.06438e+03	1.24590e+01
1.06508e+03	1.24373e+01
1.06578e+03	1.24157e+01
1.06648e+03	1.23941e+01
1.06718e+03	1.23726e+01
1.06788e+03	1.23512e+01
1.06858e+03	1.23298e+01
1.06928e+03	1.23085e+01
1.06998e+03	1.22872e+01
1.07069e+03	1.22660e+01
1.07139e+03	1.22448e+01
1.07209e+03	1.22237e+01
1.07279e+03	1.22027e+01
1.07349e+03	1.21817e+01
1.07419e+03	1.21607e+01
1.07489e+03	1.21398e+01
1.07559e+03	1.21190e+01
1.07629e+03	1.20982e+01
1.07699e+03	1.20775e+01
1.07769e+03	1.20568e+01
1.07839e+03	1.20362e+01
1.07909e+03	1.20156e+01
1.07979e+03	1.19951e+01
1.08049e+03	1.19746e+01
1.08119e+03	1.19542e+01
1.08189e+03	1.19338e+01
1.08259e+03	1.19135e+01
1.08329e+03	1.18933e+01
1.08399e+03	1.18731e+01
1.08469e+03	1.18529e+01
1.08539e+03	1.18328e+01
1.08609e+03	1.18128e+01
1.08679e+03	1.17928e+01
1.08749e+03	1.17728e+01
1.08819e+03	1.17529e+01
1.08889e+03	1.17331e+01
1.08959e+03	1.17133e+01
1.09030e+03	1.16935e+01
1.09100e+03	1.16738e+01
1.09170e+03	1.16542e+01
1.09240e+03	1.16346e+01
1.09310e+03	1.16150e+01
1.09380e+03	1.15955e+01
1.09450e+03	1.15760e+01
1.09520e+03	1.15566e+01
1.09590e+03	1.15373e+01
1.09660e+03	1.15180e+01
1.09730e+03	1.14987e+01
1.09800e+03	1.14795e+01
1.09870e+03	1.14604e+01
1.09940e+03	1.14412e+01
1.10010e+03	1.14222e+01
1.10080e+03	1.14032e+01
1.10150e+03	1.13842e+01
1.10220e+03	1.13653e+01
1.10290e+03	1.13464e+01
1.10360e+03	1.13276e+01
1.10430e+03	1.13088e+01
1.10500e+03	1.12900e+01
1.10570e+03	1.12713e+01
1.10640e+03	1.12527e+01
1.10710e+03	1.12341e+01
1.10780e+03	1.12156e+01
1.10850e+03	1.11970e+01
1.10920e+03	1.11786e+01
1.10990e+03	1.11602e+01
1.11061e+03	1.11418e+01
1.11131e+03	1.11235e+01
1.11201e+03	1.11052e+01
1.11271e+03	1.10870e+01
1.11341e+03	1.10688e+01
1.11411e+03	1.10506e+01
1.11481e+03	1.10325e+01
1.11551e+03	1.10145e+01
1.11621e+03	1.09965e+01
1.11691e+03	1.09785e+01
1.11761e+03	1.09606e+01
1.11831e+03	1.09427e+01
1.11901e+03	1.09249e+01
1.11971e+03	1.09071e+01
1.12041e+03	1.08893e+01
1.12111e+03	1.08716e+01
1.12181e+03	1.08540e+01
1.12251e+03	1.08364e+01
1.12321e+03	1.08188e+01
1.12391e+03	1.08013e+01
1.12461e+03	1.07838e+01
1.12531e+03	1.07663e+01
1.12601e+03	1.07489e+01
1.12671e+03	1.07316e+01
1.12741e+03	1.07142e+01
1.12811e+03	1.06970e+01
1.12881e+03	1.06797e+01
1.12951e+03	1.06625e+01
1.13022e+03	1.06454e+01
1.13092e+03	1.06283e+01
1.13162e+03	1.06112e+01
1.13232e+03	1.05942e+01
1.13302e+03	1.05772e+01
1.13372e+03	1.05602e+01
1.13442e+03	1.05433e+01
1.13512e+03	1.05264e+01
1.13582e+03	1.05096e+01
1.13652e+03	1.04928e+01
1.13722e+03	1.04761e+01
1.13792e+03	1.04594e+01
1.13862e+03	1.04427e+01
1.13932e+03	1.04261e+01
1.14002e+03	1.04095e+01
1.14072e+03	1.03930e+01
1.14142e+03	1.03764e+01
1.14212e+03	1.03600e+01
1.14282e+03	1.03436e+01
1.14352e+03	1.03272e+01
1.14422e+03	1.03108e+01
1.14492e+03	1.02945e+01
1.14562e+03	1.02782e+01
1.14632e+03	1.02620e+01
1.14702e+03	1.02458e+01
1.14772e+03	1.02296e+01
1.14842e+03	1.02135e+01
1.14912e+03	1.01974e+01
1.14982e+03	1.01814e+01
1.15053e+03	1.01654e+01
1.15123e+03	1.01494e+01
1.15193e+03	1.01335e+01
1.15263e+03	1.01176e+01
1.15333e+03	1.01017e+01
1.15403e+03	1.00859e+01
1.15473e+03	1.00701e+01
1.15543e+03	1.00544e+01
1.15613e+03	1.00387e+01
1.15683e+03	1.00230e+01
1.15753e+03	1.00074e+01
1.15823e+03	9.99178e+00
1.15893e+03	9.97622e+00
1.15963e+03	9.96069e+00
1.16033e+03	9.94520e+00
1.16103e+03	9.92975e+00
1.16173e+03	9.91433e+00
1.16243e+03	9.89895e+00
1.16313e+03	9.88361e+00
1.16383e+03	9.86830e+00
1.16453e+03	9.85302e+00
1.16523e+03	9.83779e+00
1.16593e+03	9.82258e+00
1.16663e+03	9.80742e+00
1.16733e+03	9.79228e+00
1.16803e+03	9.77719e+00
1.16873e+03	9.76212e+00
1.16943e+03	9.74709e+00
1.17014e+03	9.73210e+00
1.17084e+03	9.71714e+00
1.17154e+03	9.70222e+00
1.17224e+03	9.68733e+00
1.17294e+03	9.67247e+00
1.17364e+03	9.65765e+00
1.17434e+03	9.64286e+00
1.17504e+03	9.62811e+00
1.17574e+03	9.61339e+00
1.17644e+03	9.59870e+00
1.17714e+03	9.58405e+00
1.17784e+03	9.56943e+00
1.17854e+03	9.55485e+00
1.17924e+03	9.54030e+00
1.17994e+03	9.52578e+00
1.18064e+03	9.51129e+00
1.18134e+03	9.49684e+00
1.18204e+03	9.48242e+00
1.18274e+03	9.46803e+00
1.18344e+03	9.45368e+00
1.18414e+03	9.43936e+00
1.18484e+03	9.42507e+00
1.18554e+03	9.41081e+00
1.18624e+03	9.39659e+00
1.18694e+03	9.38239e+00
1.18764e+03	9.36823e+00
1.18834e+03	9.35411e+00
1.18904e+03	9.34001e+00
1.18974e+03	9.32595e+00
1.19045e+03	9.31191e+00
1.19115e+03	9.29791e+00
1.19185e+03	9.28394e+00
1.19255e+03	9.27001e+00
1.19325e+03	9.25610e+00
1.19395e+03	9.24222e+00
1.19465e+03	9.22838e+00
1.19535e+03	9.21457e+00
1.19605e+03	9.20079e+00
1.19675e+03	9.18703e+00
1.19745e+03	9.17331e+00
1.19815e+03	9.15962e+00
1.19885e+03	9.14597e+00
1.19955e+03	9.13234e+00
1.20025e+03	9.11874e+00
1.20095e+03	9.10517e+00
1.20165e+03	9.09164e+00
1.20235e+03	9.07813e+00
1.20305e+03	9.06465e+00
1.20375e+03	9.05120e+00
1.20445e+03	9.03779e+00
1.20515e+03	9.02440e+00
1.20585e+03	9.01104e+00
1.20655e+03	8.99771e+00
1.20725e+03	8.98442e+00
1.20795e+03	8.97115e+00
1.20865e+03	8.95791e+00
1.20935e+03	8.94470e+00
1.21006e+03	8.93152e+00
1.21076e+03	8.91836e+00
1.21146e+03	8.90524e+00
1.21216e+03	8.89215e+00
1.21286e+03	8.87908e+00
1.21356e+03	8.86605e+00
1.21426e+03	8.85304e+00
1.21496e+03	8.84006e+00
1.21566e+03	8.82711e+00
1.21636e+03	8.81419e+00
1.21706e+03	8.80129e+00
1.21776e+03	8.78843e+00
1.21846e+03	8.77559e+00
1.21916e+03	8.76278e+00
1.21986e+03	8.75000e+00
1.22056e+03	8.73725e+00
1.22126e+03	8.72452e+00
1.22196e+03	8.71182e+00
1.22266e+03	8.69915e+00
1.22336e+03	8.68651e+00
1.22406e+03	8.67390e+00
1.22476e+03	8.66131e+00
1.22546e+03	8.64875e+00
1.22616e+03	8.63622e+00
1.22686e+03	8.62371e+00
1.22756e+03	8.61123e+00
1.22826e+03	8.59878e+00
1.22896e+03	8.58636e+00
1.22966e+03	8.57396e+00
1.23037e+03	8.56159e+00
1.23107e+03	8.54925e+00
1.23177e+03	8.53693e+00
1.23247e+03	8.52464e+00
1.23317e+03	8.51238e+00
1.23387e+03	8.50014e+00
1.23457e+03	8.48793e+00
1.23527e+03	8.47574e+00
1.23597e+03	8.46359e+00
1.23667e+03	8.45145e+00
1.23737e+03	8.43935e+00
1.23807e+03	8.42727e+00
1.23877e+03	8.41521e+00
1.23947e+03	8.40318e+00
1.24017e+03	8.39118e+00
1.24087e+03	8.37920e+00
1.24157e+03	8.36725e+00
1.24227e+03	8.35533e+00
1.24297e+03	8.34343e+00
1.24367e+03	8.33155e+00
1.24437e+03	8.31970e+00
1.24507e+03	8.30788e+00
1.24577e+03	8.29608e+00
1.24647e+03	8.28430e+00
1.24717e+03	8.27256e+00
1.24787e+03	8.26083e+00
1.24857e+03	8.24913e+00
1.24927e+03	8.23746e+00
1.24997e+03	8.22581e+00
1.25068e+03	8.21418e+00
1.25138e+03	8.20258e+00
1.25208e+03	8.19101e+00
1.25278e+03	8.17946e+00
1.25348e+03	8.16793e+00
1.25418e+03	8.15643e+00
1.25488e+03	8.14495e+00
1.25558e+03	8.13350e+00
1.25628e+03	8.12207e+00
1.25698e+03	8.11066e+00
1.25768e+03	8.09928e+00
1.25838e+03	8.08792e+00
1.25908e+03	8.07659e+00
1.25978e+03	8.06528e+00
1.26048e+03	8.05399e+00
1.26118e+03	8.04273e+00
1.26188e+03	8.03149e+00
1.26258e+03	8.02027e+00
1.26328e+03	8.00908e+00
1.26398e+03	7.99791e+00
1.26468e+03	7.98677e+00
1.26538e+03	7.97565e+00
1.26608e+03	7.96455e+00
1.26678e+03	7.95347e+00
1.26748e+03	7.94242e+00
1.26818e+03	7.93139e+00
1.26888e+03	7.92038e+00
1.26958e+03	7.90940e+00
1.27029e+03	7.89844e+00
1.27099e+03	7.88750e+00
1.27169e+03	7.87659e+00
1.27239e+03	7.86569e+00
1.27309e+03	7.85482e+00
1.27379e+03	7.84398e+00
1.27449e+03	7.83315e+00
1.27519e+03	7.82235e+00
1.27589e+03	7.81157e+00
1.27659e+03	7.80081e+00
1.27729e+03	7.79007e+00
1.27799e+03	7.77936e+00
1.27869e+03	7.76867e+00
1.27939e+03	7.75800e+00
1.28009e+03	7.74735e+00
1.28079e+03	7.73673e+00
1.28149e+03	7.72612e+00
1.28219e+03	7.71554e+00
1.28289e+03	7.70498e+00
1.28359e+03	7.69444e+00
1.28429e+03	7.68392e+00
1.28499e+03	7.67343e+00
1.28569e+03	7.66295e+00
1.28639e+03	7.65250e+00
1.28709e+03	7.64207e+00
1.28779e+03	7.63166e+00
1.28849e+03	7.62127e+00
1.28919e+03	7.61090e+00
1.28989e+03	7.60056e+00
1.29060e+03	7.59023e+00
1.29130e+03	7.57993e+00
1.29200e+03	7.56965e+00
1.29270e+03	7.55938e+00
1.29340e+03	7.54914e+00
1.29410e+03	7.53892e+00
1.29480e+03	7.52872e+00
1.29550e+03	7.51854e+00
1.29620e+03	7.50838e+00
1.29690e+03	7.49825e+00
1.29760e+03	7.48813e+00
1.29830e+03	7.47803e+00
1.29900e+03	7.46795e+00
1.29970e+03	7.45790e+00
1.30040e+03	7.44786e+00
1.30110e+03	7.43785e+00
1.30180e+03	7.42785e+00
1.30250e+03	7.41788e+00
1.30320e+03	7.40792e+00
1.30390e+03	7.39798e+00
1.30460e+03	7.38807e+00
1.30530e+03	7.37817e+00
1.30600e+03	7.36830e+00
1.30670e+03	7.35844e+00
1.30740e+03	7.34861e+00
1.30810e+03	7.33879e+00
1.30880e+03	7.32899e+00
1.30950e+03	7.31922e+00
1.31021e+03	7.30946e+00
1.31091e+03	7.29972e+00
1.31161e+03	7.29000e+00
1.31231e+03	7.28030e+00
1.31301e+03	7.27062e+00
1.31371e+03	7.26096e+00
1.31441e+03	7.25132e+00
1.31511e+03	7.24170e+00
1.31581e+03	7.23210e+00
1.31651e+03	7.22251e+00
1.31721e+03	7.21295e+00
1.31791e+03	7.20340e+00
1.31861e+03	7.19388e+00
1.31931e+03	7.18437e+00
1.32001e+03	7.17488e+00
1.32071e+03	7.16541e+00
1.32141e+03	7.15596e+00
1.32211e+03	7.14653e+00
1.32281e+03	7.13711e+00
1.32351e+03	7.12772e+00
1.32421e+03	7.11834e+00
1.32491e+03	7.10898e+00
1.32561e+03	7.09964e+00
1.32631e+03	7.09032e+00
1.32701e+03	7.08101e+00
1.32771e+03	7.07173e+00
1.32841e+03	7.06246e+00
1.32911e+03	7.05321e+00
1.32981e+03	7.04398e+00
1.33052e+03	7.03477e+00
1.33122e+03	7.02558e+00
1.33192e+03	7.01640e+00
1.33262e+03	7.00724e+00
1.33332e+03	6.99810e+00
1.33402e+03	6.98898e+00
1.33472e+03	6.97987e+00
1.33542e+03	6.97079e+00
1.33612e+03	6.96172e+00
1.33682e+03	6.95267e+00
1.33752e+03	6.94363e+00
1.33822e+03	6.93462e+00
1.33892e+03	6.92562e+00
1.33962e+03	6.91664e+00
1.34032e+03	6.90767e+00
1.34102e+03	6.89873e+00
1.34172e+03	6.88980e+00
1.34242e+03	6.88089e+00
1.34312e+03	6.87199e+00
1.34382e+03	6.86311e+00
1.34452e+03	6.85425e+00
1.34522e+03	6.84541e+00
1.34592e+03	6.83659e+00
1.34662e+03	6.82778e+00
1.34732e+03	6.81899e+00
1.34802e+03	6.81021e+00
1.34872e+03	6.80145e+00
1.34942e+03	6.79271e+00
1.35013e+03	6.78399e+00
1.35083e+03	6.77528e+00
1.35153e+03	6.76659e+00
1.35223e+03	6.75792e+00
1.35293e+03	6.74926e+00
1.35363e+03	6.74062e+00
1.35433e+03	6.73199e+00
1.35503e+03	6.72339e+00
1.35573e+03	6.71480e+00
1.35643e+03	6.70622e+00
1.35713e+03	6.69766e+00
1.35783e+03	6.68912e+00
1.35853e+03	6.68060e+00
1.35923e+03	6.67209e+00
1.35993e+03	6.66360e+00
1.36063e+03	6.65512e+00
1.36133e+03	6.64666e+00
1.36203e+03	6.63821e+00
1.36273e+03	6.62979e+00
1.36343e+03	6.62137e+00
1.36413e+03	6.61298e+00
1.36483e+03	6.60460e+00
1.36553e+03	6.59623e+00
1.36623e+03	6.58789e+00
1.36693e+03	6.57955e+00
1.36763e+03	6.57124e+00
1.36833e+03	6.56294e+00
1.36903e+03	6.55465e+00
1.36973e+03	6.54638e+00
1.37044e+03	6.53813e+00
1.37114e+03	6.52989e+00
1.37184e+03	6.52167e+00
1.37254e+03	6.51346e+00
1.37324e+03	6.50527e+00
1.37394e+03	6.49709e+00
1.37464e+03	6.48893e+00
1.37534e+03	6.48078e+00
1.37604e+03	6.47265e+00
1.37674e+03	6.46454e+00
1.37744e+03	6.45644e+00
1.37814e+03	6.44835e+00
1.37884e+03	6.44029e+00
1.37954e+03	6.43223e+00
1.38024e+03	6.42419e+00
1.38094e+03	6.41617e+00
1.38164e+03	6.40816e+00
1.38234e+03	6.40017e+00
1.38304e+03	6.39219e+00
1.38374e+03	6.38422e+00
1.38444e+03	6.37627e+00
1.38514e+03	6.36834e+00
1.38584e+03	6.36042e+00
1.38654e+03	6.35251e+00
1.38724e+03	6.34462e+00
1.38794e+03	6.33675e+00
1.38864e+03	6.32889e+00
1.38934e+03	6.32104e+00
1.39005e+03	6.31321e+00
1.39075e+03	6.30539e+00
1.39145e+03	6.29759e+00
1.39215e+03	6.28980e+00
1.39285e+03	6.28203e+00
1.39355e+03	6.27427e+00
1.39425e+03	6.26653e+00
1.39495e+03	6.25880e+00
1.39565e+03	6.25108e+00
1.39635e+03	6.24338e+00
1.39705e+03	6.23569e+00
1.39775e+03	6.22802e+00
1.39845e+03	6.22036e+00
1.39915e+03	6.21271e+00
1.39985e+03	6.20508e+00
1.40055e+03	6.19746e+00
1.40125e+03	6.18986e+00
1.40195e+03	6.18227e+00
1.40265e+03	6.17470e+00
1.40335e+03	6.16714e+00
1.40405e+03	6.15959e+00
1.40475e+03	6.15205e+00
1.40545e+03	6.14453e+00
1.40615e+03	6.13703e+00
1.40685e+03	6.12954e+00
1.40755e+03	6.12206e+00
1.40825e+03	6.11459e+00
1.40895e+03	6.10714e+00
1.40965e+03	6.09970e+00
1.41036e+03	6.09228e+00
1.41106e+03	6.08487e+00
1.41176e+03	6.07747e+00
1.41246e+03	6.07009e+00
1.41316e+03	6.06272e+00
1.41386e+03	6.05536e+00
1.41456e+03	6.04802e+00
1.41526e+03	6.04069e+00
1.41596e+03	6.03337e+00
1.41666e+03	6.02607e+00
1.41736e+03	6.01878e+00
1.41806e+03	6.01150e+00
1.41876e+03	6.00424e+00
1.41946e+03	5.99699e+00
1.42016e+03	5.98975e+00
1.42086e+03	5.98253e+00
1.42156e+03	5.97532e+00
1.42226e+03	5.96812e+00
1.42296e+03	5.96094e+00
1.42366e+03	5.95376e+00
1.42436e+03	5.94660e+00
1.42506e+03	5.93946e+00
1.42576e+03	5.93232e+00
1.42646e+03	5.92520e+00
1.42716e+03	5.91810e+00
1.42786e+03	5.91100e+00
1.42856e+03	5.90392e+00
1.42926e+03	5.89685e+00
1.42996e+03	5.88979e+00
1.43067e+03	5.88275e+00
1.43137e+03	5.87572e+00
1.43207e+03	5.86870e+00
1.43277e+03	5.86169e+00
1.43347e+03	5.85470e+00
1.43417e+03	5.84772e+00
1.43487e+03	5.84075e+00
1.43557e+03	5.83379e+00
1.43627e+03	5.82685e+00
1.43697e+03	5.81992e+00
1.43767e+03	5.81300e+00
1.43837e+03	5.80609e+00
1.43907e+03	5.79920e+00
1.43977e+03	5.79231e+00
1.44047e+03	5.78544e+00
1.44117e+03	5.77859e+00
1.44187e+03	5.77174e+00
1.44257e+03	5.76491e+00
1.44327e+03	5.75809e+00
1.44397e+03	5.75128e+00
1.44467e+03	5.74448e+00
1.44537e+03	5.73769e+00
1.44607e+03	5.73092e+00
1.44677e+03	5.72416e+00
1.44747e+03	5.71741e+00
1.44817e+03	5.71067e+00
1.44887e+03	5.70395e+00
1.44957e+03	5.69724e+00
1.45028e+03	5.69053e+00
1.45098e+03	5.68384e+00
1.45168e+03	5.67717e+00
1.45238e+03	5.67050e+00
1.45308e+03	5.66385e+00
1.45378e+03	5.65720e+00
1.45448e+03	5.65057e+00
1.45518e+03	5.64395e+00
1.45588e+03	5.63734e+00
1.45658e+03	5.63075e+00
1.45728e+03	5.62416e+00
1.45798e+03	5.61759e+00
1.45868e+03	5.61103e+00
1.45938e+03	5.60448e+00
1.46008e+03	5.59794e+00
1.46078e+03	5.59141e+00
1.46148e+03	5.58490e+00
1.46218e+03	5.57839e+00
1.46288e+03	5.57190e+00
1.46358e+03	5.56542e+00
1.46428e+03	5.55895e+00
1.46498e+03	5.55249e+00
1.46568e+03	5.54604e+00
1.46638e+03	5.53960e+00
1.46708e+03	5.53318e+00
1.46778e+03	5.52676e+00
1.46848e+03	5.52036e+00
1.46918e+03	5.51397e+00
1.46988e+03	5.50759e+00
1.47059e+03	5.50122e+00
1.47129e+03	5.49486e+00
1.47199e+03	5.48851e+00
1.47269e+03	5.48218e+00
1.47339e+03	5.47585e+00
1.47409e+03	5.46953e+00
1.47479e+03	5.46323e+00
1.47549e+03	5.45694e+00
1.47619e+03	5.45066e+00
1.47689e+03	5.44438e+00
1.47759e+03	5.43812e+00
1.47829e+03	5.43187e+00
1.47899e+03	5.42563e+00
1.47969e+03	5.41941e+00
1.48039e+03	5.41319e+00
1.48109e+03	5.40698e+00
1.48179e+03	5.40079e+00
1.48249e+03	5.39460e+00
1.48319e+03	5.38843e+00
1.48389e+03	5.38226e+00
1.48459e+03	5.37611e+00
1.48529e+03	5.36996e+00
1.48599e+03	5.36383e+00
1.48669e+03	5.35771e+00
1.48739e+03	5.35160e+00
1.48809e+03	5.34550e+00
1.48879e+03	5.33941e+00
1.48949e+03	5.33333e+00
1.49020e+03	5.32726e+00
1.49090e+03	5.32120e+00
1.49160e+03	5.31515e+00
1.49230e+03	5.30911e+00
1.49300e+03	5.30308e+00
1.49370e+03	5.29706e+00
1.49440e+03	5.29105e+00
1.49510e+03	5.28505e+00
1.49580e+03	5.27907e+00
1.49650e+03	5.27309e+00
1.49720e+03	5.26712e+00
1.49790e+03	5.26116e+00
1.49860e+03	5.25522e+00
1.49930e+03	5.24928e+00
1.50000e+03	5.24335e+00
