# File written by the predict_spectrum.py script.
# frequency (cm^-1)	Intensity
1.00000e+02	1.66564e-02
1.00700e+02	1.66809e-02
1.01401e+02	1.67054e-02
1.02101e+02	1.67300e-02
1.02801e+02	1.67546e-02
1.03502e+02	1.67793e-02
1.04202e+02	1.68041e-02
1.04902e+02	1.68289e-02
1.05603e+02	1.68538e-02
1.06303e+02	1.68787e-02
1.07004e+02	1.69037e-02
1.07704e+02	1.69287e-02
1.08404e+02	1.69538e-02
1.09105e+02	1.69789e-02
1.09805e+02	1.70041e-02
1.10505e+02	1.70294e-02
1.11206e+02	1.70547e-02
1.11906e+02	1.70800e-02
1.12606e+02	1.71055e-02
1.13307e+02	1.71309e-02
1.14007e+02	1.71565e-02
1.14707e+02	1.71821e-02
1.15408e+02	1.72077e-02
1.16108e+02	1.72334e-02
1.16808e+02	1.72592e-02
1.17509e+02	1.72850e-02
1.18209e+02	1.73109e-02
1.18909e+02	1.73369e-02
1.19610e+02	1.73629e-02
1.20310e+02	1.73889e-02
1.21011e+02	1.74151e-02
1.21711e+02	1.74412e-02
1.22411e+02	1.74675e-02
1.23112e+02	1.74938e-02
1.23812e+02	1.75201e-02
1.24512e+02	1.75466e-02
1.25213e+02	1.75730e-02
1.25913e+02	1.75996e-02
1.26613e+02	1.76262e-02
1.27314e+02	1.76528e-02
1.28014e+02	1.76796e-02
1.28714e+02	1.77063e-02
1.29415e+02	1.77332e-02
1.30115e+02	1.77601e-02
1.30815e+02	1.77871e-02
1.31516e+02	1.78141e-02
1.32216e+02	1.78412e-02
1.32916e+02	1.78683e-02
1.33617e+02	1.78955e-02
1.34317e+02	1.79228e-02
1.35018e+02	1.79502e-02
1.35718e+02	1.79776e-02
1.36418e+02	1.80050e-02
1.37119e+02	1.80326e-02
1.37819e+02	1.80602e-02
1.38519e+02	1.80878e-02
1.39220e+02	1.81155e-02
1.39920e+02	1.81433e-02
1.40620e+02	1.81712e-02
1.41321e+02	1.81991e-02
1.42021e+02	1.82271e-02
1.42721e+02	1.82551e-02
1.43422e+02	1.82832e-02
1.44122e+02	1.83114e-02
1.44822e+02	1.83396e-02
1.45523e+02	1.83679e-02
1.46223e+02	1.83963e-02
1.46923e+02	1.84247e-02
1.47624e+02	1.84532e-02
1.48324e+02	1.84818e-02
1.49025e+02	1.85105e-02
1.49725e+02	1.85392e-02
1.50425e+02	1.85679e-02
1.51126e+02	1.85968e-02
1.51826e+02	1.86257e-02
1.52526e+02	1.86546e-02
1.53227e+02	1.86837e-02
1.53927e+02	1.87128e-02
1.54627e+02	1.87420e-02
1.55328e+02	1.87712e-02
1.56028e+02	1.88005e-02
1.56728e+02	1.88299e-02
1.57429e+02	1.88594e-02
1.58129e+02	1.88889e-02
1.58829e+02	1.89185e-02
1.59530e+02	1.89482e-02
1.60230e+02	1.89779e-02
1.60930e+02	1.90077e-02
1.61631e+02	1.90376e-02
1.62331e+02	1.90675e-02
1.63032e+02	1.90975e-02
1.63732e+02	1.91276e-02
1.64432e+02	1.91578e-02
1.65133e+02	1.91880e-02
1.65833e+02	1.92183e-02
1.66533e+02	1.92487e-02
1.67234e+02	1.92791e-02
1.67934e+02	1.93097e-02
1.68634e+02	1.93403e-02
1.69335e+02	1.93709e-02
1.70035e+02	1.94017e-02
1.70735e+02	1.94325e-02
1.71436e+02	1.94634e-02
1.72136e+02	1.94943e-02
1.72836e+02	1.95254e-02
1.73537e+02	1.95565e-02
1.74237e+02	1.95877e-02
1.74937e+02	1.96189e-02
1.75638e+02	1.96503e-02
1.76338e+02	1.96817e-02
1.77039e+02	1.97132e-02
1.77739e+02	1.97447e-02
1.78439e+02	1.97764e-02
1.79140e+02	1.98081e-02
1.79840e+02	1.98399e-02
1.80540e+02	1.98718e-02
1.81241e+02	1.99037e-02
1.81941e+02	1.99357e-02
1.82641e+02	1.99678e-02
1.83342e+02	2.00000e-02
1.84042e+02	2.00323e-02
1.84742e+02	2.00646e-02
1.85443e+02	2.00970e-02
1.86143e+02	2.01295e-02
1.86843e+02	2.01621e-02
1.87544e+02	2.01948e-02
1.88244e+02	2.02275e-02
1.88944e+02	2.02603e-02
1.89645e+02	2.02932e-02
1.90345e+02	2.03262e-02
1.91046e+02	2.03592e-02
1.91746e+02	2.03924e-02
1.92446e+02	2.04256e-02
1.93147e+02	2.04589e-02
1.93847e+02	2.04923e-02
1.94547e+02	2.05257e-02
1.95248e+02	2.05593e-02
1.95948e+02	2.05929e-02
1.96648e+02	2.06266e-02
1.97349e+02	2.06604e-02
1.98049e+02	2.06943e-02
1.98749e+02	2.07283e-02
1.99450e+02	2.07623e-02
2.00150e+02	2.07965e-02
2.00850e+02	2.08307e-02
2.01551e+02	2.08650e-02
2.02251e+02	2.08994e-02
2.02951e+02	2.09339e-02
2.03652e+02	2.09684e-02
2.04352e+02	2.10031e-02
2.05053e+02	2.10378e-02
2.05753e+02	2.10726e-02
2.06453e+02	2.11075e-02
2.07154e+02	2.11425e-02
2.07854e+02	2.11776e-02
2.08554e+02	2.12128e-02
2.09255e+02	2.12480e-02
2.09955e+02	2.12834e-02
2.10655e+02	2.13188e-02
2.11356e+02	2.13543e-02
2.12056e+02	2.13899e-02
2.12756e+02	2.14256e-02
2.13457e+02	2.14614e-02
2.14157e+02	2.14973e-02
2.14857e+02	2.15333e-02
2.15558e+02	2.15694e-02
2.16258e+02	2.16055e-02
2.16958e+02	2.16418e-02
2.17659e+02	2.16781e-02
2.18359e+02	2.17145e-02
2.19060e+02	2.17511e-02
2.19760e+02	2.17877e-02
2.20460e+02	2.18244e-02
2.21161e+02	2.18612e-02
2.21861e+02	2.18981e-02
2.22561e+02	2.19351e-02
2.23262e+02	2.19722e-02
2.23962e+02	2.20093e-02
2.24662e+02	2.20466e-02
2.25363e+02	2.20840e-02
2.26063e+02	2.21215e-02
2.26763e+02	2.21590e-02
2.27464e+02	2.21967e-02
2.28164e+02	2.22344e-02
2.28864e+02	2.22723e-02
2.29565e+02	2.23102e-02
2.30265e+02	2.23483e-02
2.30965e+02	2.23864e-02
2.31666e+02	2.24247e-02
2.32366e+02	2.24630e-02
2.33067e+02	2.25015e-02
2.33767e+02	2.25400e-02
2.34467e+02	2.25786e-02
2.35168e+02	2.26174e-02
2.35868e+02	2.26562e-02
2.36568e+02	2.26952e-02
2.37269e+02	2.27342e-02
2.37969e+02	2.27733e-02
2.38669e+02	2.28126e-02
2.39370e+02	2.28519e-02
2.40070e+02	2.28914e-02
2.40770e+02	2.29309e-02
2.41471e+02	2.29706e-02
2.42171e+02	2.30104e-02
2.42871e+02	2.30502e-02
2.43572e+02	2.30902e-02
2.44272e+02	2.31303e-02
2.44972e+02	2.31705e-02
2.45673e+02	2.32107e-02
2.46373e+02	2.32511e-02
2.47074e+02	2.32916e-02
2.47774e+02	2.33322e-02
2.48474e+02	2.33729e-02
2.49175e+02	2.34138e-02
2.49875e+02	2.34547e-02
2.50575e+02	2.34957e-02
2.51276e+02	2.35369e-02
2.51976e+02	2.35781e-02
2.52676e+02	2.36195e-02
2.53377e+02	2.36609e-02
2.54077e+02	2.37025e-02
2.54777e+02	2.37442e-02
2.55478e+02	2.37860e-02
2.56178e+02	2.38279e-02
2.56878e+02	2.38699e-02
2.57579e+02	2.39121e-02
2.58279e+02	2.39543e-02
2.58979e+02	2.39967e-02
2.59680e+02	2.40391e-02
2.60380e+02	2.40817e-02
2.61081e+02	2.41244e-02
2.61781e+02	2.41673e-02
2.62481e+02	2.42102e-02
2.63182e+02	2.42532e-02
2.63882e+02	2.42964e-02
2.64582e+02	2.43397e-02
2.65283e+02	2.43831e-02
2.65983e+02	2.44266e-02
2.66683e+02	2.44702e-02
2.67384e+02	2.45139e-02
2.68084e+02	2.45578e-02
2.68784e+02	2.46018e-02
2.69485e+02	2.46459e-02
2.70185e+02	2.46901e-02
2.70885e+02	2.47345e-02
2.71586e+02	2.47789e-02
2.72286e+02	2.48235e-02
2.72986e+02	2.48682e-02
2.73687e+02	2.49130e-02
2.74387e+02	2.49580e-02
2.75088e+02	2.50030e-02
2.75788e+02	2.50482e-02
2.76488e+02	2.50935e-02
2.77189e+02	2.51390e-02
2.77889e+02	2.51846e-02
2.78589e+02	2.52302e-02
2.79290e+02	2.52761e-02
2.79990e+02	2.53220e-02
2.80690e+02	2.53681e-02
2.81391e+02	2.54143e-02
2.82091e+02	2.54606e-02
2.82791e+02	2.55070e-02
2.83492e+02	2.55536e-02
2.84192e+02	2.56003e-02
2.84892e+02	2.56471e-02
2.85593e+02	2.56941e-02
2.86293e+02	2.57412e-02
2.86993e+02	2.57884e-02
2.87694e+02	2.58358e-02
2.88394e+02	2.58833e-02
2.89095e+02	2.59309e-02
2.89795e+02	2.59786e-02
2.90495e+02	2.60265e-02
2.91196e+02	2.60745e-02
2.91896e+02	2.61227e-02
2.92596e+02	2.61710e-02
2.93297e+02	2.62194e-02
2.93997e+02	2.62679e-02
2.94697e+02	2.63166e-02
2.95398e+02	2.63654e-02
2.96098e+02	2.64144e-02
2.96798e+02	2.64635e-02
2.97499e+02	2.65128e-02
2.98199e+02	2.65621e-02
2.98899e+02	2.66116e-02
2.99600e+02	2.66613e-02
3.00300e+02	2.67111e-02
3.01001e+02	2.67610e-02
3.01701e+02	2.68111e-02
3.02401e+02	2.68613e-02
3.03102e+02	2.69117e-02
3.03802e+02	2.69622e-02
3.04502e+02	2.70129e-02
3.05203e+02	2.70636e-02
3.05903e+02	2.71146e-02
3.06603e+02	2.71657e-02
3.07304e+02	2.72169e-02
3.08004e+02	2.72683e-02
3.08704e+02	2.73198e-02
3.09405e+02	2.73714e-02
3.10105e+02	2.74233e-02
3.10805e+02	2.74752e-02
3.11506e+02	2.75273e-02
3.12206e+02	2.75796e-02
3.12906e+02	2.76320e-02
3.13607e+02	2.76846e-02
3.14307e+02	2.77373e-02
3.15008e+02	2.77902e-02
3.15708e+02	2.78432e-02
3.16408e+02	2.78963e-02
3.17109e+02	2.79497e-02
3.17809e+02	2.80031e-02
3.18509e+02	2.80568e-02
3.19210e+02	2.81106e-02
3.19910e+02	2.81645e-02
3.20610e+02	2.82186e-02
3.21311e+02	2.82729e-02
3.22011e+02	2.83273e-02
3.22711e+02	2.83819e-02
3.23412e+02	2.84366e-02
3.24112e+02	2.84915e-02
3.24812e+02	2.85465e-02
3.25513e+02	2.86017e-02
3.26213e+02	2.86571e-02
3.26913e+02	2.87127e-02
3.27614e+02	2.87684e-02
3.28314e+02	2.88242e-02
3.29015e+02	2.88802e-02
3.29715e+02	2.89364e-02
3.30415e+02	2.89928e-02
3.31116e+02	2.90493e-02
3.31816e+02	2.91060e-02
3.32516e+02	2.91629e-02
3.33217e+02	2.92199e-02
3.33917e+02	2.92771e-02
3.34617e+02	2.93344e-02
3.35318e+02	2.93920e-02
3.36018e+02	2.94497e-02
3.36718e+02	2.95076e-02
3.37419e+02	2.95656e-02
3.38119e+02	2.96238e-02
3.38819e+02	2.96822e-02
3.39520e+02	2.97408e-02
3.40220e+02	2.97995e-02
3.40920e+02	2.98584e-02
3.41621e+02	2.99175e-02
3.42321e+02	2.99768e-02
3.43022e+02	3.00363e-02
3.43722e+02	3.00959e-02
3.44422e+02	3.01557e-02
3.45123e+02	3.02157e-02
3.45823e+02	3.02758e-02
3.46523e+02	3.03362e-02
3.47224e+02	3.03967e-02
3.47924e+02	3.04574e-02
3.48624e+02	3.05183e-02
3.49325e+02	3.05794e-02
3.50025e+02	3.06407e-02
3.50725e+02	3.07021e-02
3.51426e+02	3.07638e-02
3.52126e+02	3.08256e-02
3.52826e+02	3.08876e-02
3.53527e+02	3.09498e-02
3.54227e+02	3.10122e-02
3.54927e+02	3.10748e-02
3.55628e+02	3.11375e-02
3.56328e+02	3.12005e-02
3.57029e+02	3.12637e-02
3.57729e+02	3.13270e-02
3.58429e+02	3.13905e-02
3.59130e+02	3.14543e-02
3.59830e+02	3.15182e-02
3.60530e+02	3.15823e-02
3.61231e+02	3.16467e-02
3.61931e+02	3.17112e-02
3.62631e+02	3.17759e-02
3.63332e+02	3.18409e-02
3.64032e+02	3.19060e-02
3.64732e+02	3.19713e-02
3.65433e+02	3.20368e-02
3.66133e+02	3.21026e-02
3.66833e+02	3.21685e-02
3.67534e+02	3.22347e-02
3.68234e+02	3.23010e-02
3.68934e+02	3.23676e-02
3.69635e+02	3.24343e-02
3.70335e+02	3.25013e-02
3.71036e+02	3.25685e-02
3.71736e+02	3.26359e-02
3.72436e+02	3.27035e-02
3.73137e+02	3.27713e-02
3.73837e+02	3.28393e-02
3.74537e+02	3.29075e-02
3.75238e+02	3.29760e-02
3.75938e+02	3.30447e-02
3.76638e+02	3.31135e-02
3.77339e+02	3.31826e-02
3.78039e+02	3.32520e-02
3.78739e+02	3.33215e-02
3.79440e+02	3.33913e-02
3.80140e+02	3.34613e-02
3.80840e+02	3.35315e-02
3.81541e+02	3.36019e-02
3.82241e+02	3.36725e-02
3.82941e+02	3.37434e-02
3.83642e+02	3.38145e-02
3.84342e+02	3.38858e-02
3.85043e+02	3.39574e-02
3.85743e+02	3.40292e-02
3.86443e+02	3.41012e-02
3.87144e+02	3.41734e-02
3.87844e+02	3.42459e-02
3.88544e+02	3.43186e-02
3.89245e+02	3.43916e-02
3.89945e+02	3.44647e-02
3.90645e+02	3.45382e-02
3.91346e+02	3.46118e-02
3.92046e+02	3.46857e-02
3.92746e+02	3.47598e-02
3.93447e+02	3.48342e-02
3.94147e+02	3.49088e-02
3.94847e+02	3.49836e-02
3.95548e+02	3.50587e-02
3.96248e+02	3.51341e-02
3.96948e+02	3.52097e-02
3.97649e+02	3.52855e-02
3.98349e+02	3.53616e-02
3.99050e+02	3.54379e-02
3.99750e+02	3.55144e-02
4.00450e+02	3.55913e-02
4.01151e+02	3.56683e-02
4.01851e+02	3.57457e-02
4.02551e+02	3.58233e-02
4.03252e+02	3.59011e-02
4.03952e+02	3.59792e-02
4.04652e+02	3.60575e-02
4.05353e+02	3.61361e-02
4.06053e+02	3.62150e-02
4.06753e+02	3.62941e-02
4.07454e+02	3.63735e-02
4.08154e+02	3.64532e-02
4.08854e+02	3.65331e-02
4.09555e+02	3.66133e-02
4.10255e+02	3.66937e-02
4.10955e+02	3.67744e-02
4.11656e+02	3.68554e-02
4.12356e+02	3.69367e-02
4.13057e+02	3.70182e-02
4.13757e+02	3.71000e-02
4.14457e+02	3.71821e-02
4.15158e+02	3.72644e-02
4.15858e+02	3.73470e-02
4.16558e+02	3.74299e-02
4.17259e+02	3.75131e-02
4.17959e+02	3.75966e-02
4.18659e+02	3.76803e-02
4.19360e+02	3.77643e-02
4.20060e+02	3.78486e-02
4.20760e+02	3.79332e-02
4.21461e+02	3.80181e-02
4.22161e+02	3.81033e-02
4.22861e+02	3.81887e-02
4.23562e+02	3.82745e-02
4.24262e+02	3.83605e-02
4.24962e+02	3.84468e-02
4.25663e+02	3.85335e-02
4.26363e+02	3.86204e-02
4.27064e+02	3.87076e-02
4.27764e+02	3.87951e-02
4.28464e+02	3.88829e-02
4.29165e+02	3.89710e-02
4.29865e+02	3.90594e-02
4.30565e+02	3.91482e-02
4.31266e+02	3.92372e-02
4.31966e+02	3.93265e-02
4.32666e+02	3.94162e-02
4.33367e+02	3.95061e-02
4.34067e+02	3.95964e-02
4.34767e+02	3.96869e-02
4.35468e+02	3.97778e-02
4.36168e+02	3.98690e-02
4.36868e+02	3.99606e-02
4.37569e+02	4.00524e-02
4.38269e+02	4.01445e-02
4.38969e+02	4.02370e-02
4.39670e+02	4.03298e-02
4.40370e+02	4.04230e-02
4.41071e+02	4.05164e-02
4.41771e+02	4.06102e-02
4.42471e+02	4.07043e-02
4.43172e+02	4.07987e-02
4.43872e+02	4.08935e-02
4.44572e+02	4.09886e-02
4.45273e+02	4.10840e-02
4.45973e+02	4.11798e-02
4.46673e+02	4.12759e-02
4.47374e+02	4.13724e-02
4.48074e+02	4.14692e-02
4.48774e+02	4.15663e-02
4.49475e+02	4.16638e-02
4.50175e+02	4.17616e-02
4.50875e+02	4.18598e-02
4.51576e+02	4.19583e-02
4.52276e+02	4.20572e-02
4.52976e+02	4.21564e-02
4.53677e+02	4.22560e-02
4.54377e+02	4.23560e-02
4.55078e+02	4.24563e-02
4.55778e+02	4.25569e-02
4.56478e+02	4.26579e-02
4.57179e+02	4.27593e-02
4.57879e+02	4.28611e-02
4.58579e+02	4.29632e-02
4.59280e+02	4.30657e-02
4.59980e+02	4.31685e-02
4.60680e+02	4.32718e-02
4.61381e+02	4.33754e-02
4.62081e+02	4.34794e-02
4.62781e+02	4.35837e-02
4.63482e+02	4.36885e-02
4.64182e+02	4.37936e-02
4.64882e+02	4.38991e-02
4.65583e+02	4.40050e-02
4.66283e+02	4.41112e-02
4.66983e+02	4.42179e-02
4.67684e+02	4.43249e-02
4.68384e+02	4.44324e-02
4.69085e+02	4.45402e-02
4.69785e+02	4.46485e-02
4.70485e+02	4.47571e-02
4.71186e+02	4.48661e-02
4.71886e+02	4.49756e-02
4.72586e+02	4.50854e-02
4.73287e+02	4.51957e-02
4.73987e+02	4.53063e-02
4.74687e+02	4.54174e-02
4.75388e+02	4.55289e-02
4.76088e+02	4.56408e-02
4.76788e+02	4.57531e-02
4.77489e+02	4.58658e-02
4.78189e+02	4.59790e-02
4.78889e+02	4.60926e-02
4.79590e+02	4.62066e-02
4.80290e+02	4.63210e-02
4.80990e+02	4.64359e-02
4.81691e+02	4.65512e-02
4.82391e+02	4.66669e-02
4.83092e+02	4.67831e-02
4.83792e+02	4.68997e-02
4.84492e+02	4.70167e-02
4.85193e+02	4.71342e-02
4.85893e+02	4.72521e-02
4.86593e+02	4.73705e-02
4.87294e+02	4.74893e-02
4.87994e+02	4.76086e-02
4.88694e+02	4.77283e-02
4.89395e+02	4.78485e-02
4.90095e+02	4.79692e-02
4.90795e+02	4.80903e-02
4.91496e+02	4.82118e-02
4.92196e+02	4.83339e-02
4.92896e+02	4.84564e-02
4.93597e+02	4.85794e-02
4.94297e+02	4.87028e-02
4.94997e+02	4.88267e-02
4.95698e+02	4.89512e-02
4.96398e+02	4.90760e-02
4.97099e+02	4.92014e-02
4.97799e+02	4.93273e-02
4.98499e+02	4.94536e-02
4.99200e+02	4.95804e-02
4.99900e+02	4.97078e-02
5.00600e+02	4.98356e-02
5.01301e+02	4.99639e-02
5.02001e+02	5.00927e-02
5.02701e+02	5.02221e-02
5.03402e+02	5.03519e-02
5.04102e+02	5.04822e-02
5.04802e+02	5.06131e-02
5.05503e+02	5.07445e-02
5.06203e+02	5.08764e-02
5.06903e+02	5.10088e-02
5.07604e+02	5.11417e-02
5.08304e+02	5.12751e-02
5.09005e+02	5.14091e-02
5.09705e+02	5.15436e-02
5.10405e+02	5.16787e-02
5.11106e+02	5.18143e-02
5.11806e+02	5.19504e-02
5.12506e+02	5.20871e-02
5.13207e+02	5.22243e-02
5.13907e+02	5.23620e-02
5.14607e+02	5.25003e-02
5.15308e+02	5.26392e-02
5.16008e+02	5.27786e-02
5.16708e+02	5.29186e-02
5.17409e+02	5.30592e-02
5.18109e+02	5.32003e-02
5.18809e+02	5.33420e-02
5.19510e+02	5.34842e-02
5.20210e+02	5.36270e-02
5.20910e+02	5.37704e-02
5.21611e+02	5.39144e-02
5.22311e+02	5.40590e-02
5.23012e+02	5.42042e-02
5.23712e+02	5.43499e-02
5.24412e+02	5.44963e-02
5.25113e+02	5.46432e-02
5.25813e+02	5.47908e-02
5.26513e+02	5.49389e-02
5.27214e+02	5.50877e-02
5.27914e+02	5.52371e-02
5.28614e+02	5.53871e-02
5.29315e+02	5.55377e-02
5.30015e+02	5.56889e-02
5.30715e+02	5.58407e-02
5.31416e+02	5.59932e-02
5.32116e+02	5.61463e-02
5.32816e+02	5.63001e-02
5.33517e+02	5.64545e-02
5.34217e+02	5.66095e-02
5.34917e+02	5.67652e-02
5.35618e+02	5.69215e-02
5.36318e+02	5.70785e-02
5.37019e+02	5.72361e-02
5.37719e+02	5.73944e-02
5.38419e+02	5.75534e-02
5.39120e+02	5.77130e-02
5.39820e+02	5.78733e-02
5.40520e+02	5.80343e-02
5.41221e+02	5.81959e-02
5.41921e+02	5.83583e-02
5.42621e+02	5.85213e-02
5.43322e+02	5.86850e-02
5.44022e+02	5.88494e-02
5.44722e+02	5.90145e-02
5.45423e+02	5.91804e-02
5.46123e+02	5.93469e-02
5.46823e+02	5.95141e-02
5.47524e+02	5.96821e-02
5.48224e+02	5.98507e-02
5.48924e+02	6.00201e-02
5.49625e+02	6.01902e-02
5.50325e+02	6.03611e-02
5.51026e+02	6.05327e-02
5.51726e+02	6.07050e-02
5.52426e+02	6.08781e-02
5.53127e+02	6.10519e-02
5.53827e+02	6.12265e-02
5.54527e+02	6.14018e-02
5.55228e+02	6.15779e-02
5.55928e+02	6.17548e-02
5.56628e+02	6.19324e-02
5.57329e+02	6.21108e-02
5.58029e+02	6.22900e-02
5.58729e+02	6.24700e-02
5.59430e+02	6.26508e-02
5.60130e+02	6.28323e-02
5.60830e+02	6.30147e-02
5.61531e+02	6.31979e-02
5.62231e+02	6.33818e-02
5.62931e+02	6.35666e-02
5.63632e+02	6.37522e-02
5.64332e+02	6.39387e-02
5.65033e+02	6.41259e-02
5.65733e+02	6.43140e-02
5.66433e+02	6.45029e-02
5.67134e+02	6.46927e-02
5.67834e+02	6.48833e-02
5.68534e+02	6.50748e-02
5.69235e+02	6.52671e-02
5.69935e+02	6.54603e-02
5.70635e+02	6.56544e-02
5.71336e+02	6.58493e-02
5.72036e+02	6.60451e-02
5.72736e+02	6.62418e-02
5.73437e+02	6.64394e-02
5.74137e+02	6.66379e-02
5.74837e+02	6.68373e-02
5.75538e+02	6.70376e-02
5.76238e+02	6.72388e-02
5.76938e+02	6.74409e-02
5.77639e+02	6.76439e-02
5.78339e+02	6.78479e-02
5.79040e+02	6.80528e-02
5.79740e+02	6.82586e-02
5.80440e+02	6.84654e-02
5.81141e+02	6.86732e-02
5.81841e+02	6.88819e-02
5.82541e+02	6.90915e-02
5.83242e+02	6.93022e-02
5.83942e+02	6.95138e-02
5.84642e+02	6.97264e-02
5.85343e+02	6.99400e-02
5.86043e+02	7.01545e-02
5.86743e+02	7.03701e-02
5.87444e+02	7.05867e-02
5.88144e+02	7.08043e-02
5.88844e+02	7.10229e-02
5.89545e+02	7.12425e-02
5.90245e+02	7.14632e-02
5.90945e+02	7.16849e-02
5.91646e+02	7.19077e-02
5.92346e+02	7.21315e-02
5.93047e+02	7.23563e-02
5.93747e+02	7.25823e-02
5.94447e+02	7.28093e-02
5.95148e+02	7.30373e-02
5.95848e+02	7.32665e-02
5.96548e+02	7.34968e-02
5.97249e+02	7.37281e-02
5.97949e+02	7.39606e-02
5.98649e+02	7.41942e-02
5.99350e+02	7.44289e-02
6.00050e+02	7.46647e-02
6.00750e+02	7.49017e-02
6.01451e+02	7.51398e-02
6.02151e+02	7.53790e-02
6.02851e+02	7.56194e-02
6.03552e+02	7.58610e-02
6.04252e+02	7.61038e-02
6.04952e+02	7.63477e-02
6.05653e+02	7.65928e-02
6.06353e+02	7.68392e-02
6.07054e+02	7.70867e-02
6.07754e+02	7.73354e-02
6.08454e+02	7.75854e-02
6.09155e+02	7.78366e-02
6.09855e+02	7.80890e-02
6.10555e+02	7.83427e-02
6.11256e+02	7.85976e-02
6.11956e+02	7.88538e-02
6.12656e+02	7.91112e-02
6.13357e+02	7.93699e-02
6.14057e+02	7.96300e-02
6.14757e+02	7.98913e-02
6.15458e+02	8.01539e-02
6.16158e+02	8.04178e-02
6.16858e+02	8.06831e-02
6.17559e+02	8.09496e-02
6.18259e+02	8.12176e-02
6.18959e+02	8.14868e-02
6.19660e+02	8.17575e-02
6.20360e+02	8.20294e-02
6.21061e+02	8.23028e-02
6.21761e+02	8.25776e-02
6.22461e+02	8.28537e-02
6.23162e+02	8.31313e-02
6.23862e+02	8.34102e-02
6.24562e+02	8.36906e-02
6.25263e+02	8.39724e-02
6.25963e+02	8.42557e-02
6.26663e+02	8.45404e-02
6.27364e+02	8.48266e-02
6.28064e+02	8.51143e-02
6.28764e+02	8.54034e-02
6.29465e+02	8.56940e-02
6.30165e+02	8.59862e-02
6.30865e+02	8.62798e-02
6.31566e+02	8.65750e-02
6.32266e+02	8.68717e-02
6.32966e+02	8.71700e-02
6.33667e+02	8.74698e-02
6.34367e+02	8.77712e-02
6.35068e+02	8.80742e-02
6.35768e+02	8.83787e-02
6.36468e+02	8.86849e-02
6.37169e+02	8.89927e-02
6.37869e+02	8.93021e-02
6.38569e+02	8.96131e-02
6.39270e+02	8.99258e-02
6.39970e+02	9.02401e-02
6.40670e+02	9.05561e-02
6.41371e+02	9.08738e-02
6.42071e+02	9.11932e-02
6.42771e+02	9.15143e-02
6.43472e+02	9.18372e-02
6.44172e+02	9.21617e-02
6.44872e+02	9.24880e-02
6.45573e+02	9.28161e-02
6.46273e+02	9.31459e-02
6.46973e+02	9.34775e-02
6.47674e+02	9.38109e-02
6.48374e+02	9.41462e-02
6.49075e+02	9.44832e-02
6.49775e+02	9.48221e-02
6.50475e+02	9.51628e-02
6.51176e+02	9.55054e-02
6.51876e+02	9.58499e-02
6.52576e+02	9.61962e-02
6.53277e+02	9.65445e-02
6.53977e+02	9.68947e-02
6.54677e+02	9.72468e-02
6.55378e+02	9.76009e-02
6.56078e+02	9.79569e-02
6.56778e+02	9.83149e-02
6.57479e+02	9.86749e-02
6.58179e+02	9.90369e-02
6.58879e+02	9.94009e-02
6.59580e+02	9.97670e-02
6.60280e+02	1.00135e-01
6.60980e+02	1.00505e-01
6.61681e+02	1.00878e-01
6.62381e+02	1.01252e-01
6.63082e+02	1.01628e-01
6.63782e+02	1.02007e-01
6.64482e+02	1.02388e-01
6.65183e+02	1.02771e-01
6.65883e+02	1.03156e-01
6.66583e+02	1.03543e-01
6.67284e+02	1.03933e-01
6.67984e+02	1.04324e-01
6.68684e+02	1.04718e-01
6.69385e+02	1.05115e-01
6.70085e+02	1.05513e-01
6.70785e+02	1.05914e-01
6.71486e+02	1.06317e-01
6.72186e+02	1.06723e-01
6.72886e+02	1.07130e-01
6.73587e+02	1.07541e-01
6.74287e+02	1.07953e-01
6.74987e+02	1.08368e-01
6.75688e+02	1.08786e-01
6.76388e+02	1.09206e-01
6.77089e+02	1.09628e-01
6.77789e+02	1.10053e-01
6.78489e+02	1.10480e-01
6.79190e+02	1.10910e-01
6.79890e+02	1.11343e-01
6.80590e+02	1.11778e-01
6.81291e+02	1.12215e-01
6.81991e+02	1.12655e-01
6.82691e+02	1.13098e-01
6.83392e+02	1.13544e-01
6.84092e+02	1.13992e-01
6.84792e+02	1.14443e-01
6.85493e+02	1.14896e-01
6.86193e+02	1.15353e-01
6.86893e+02	1.15812e-01
6.87594e+02	1.16274e-01
6.88294e+02	1.16738e-01
6.88994e+02	1.17206e-01
6.89695e+02	1.17676e-01
6.90395e+02	1.18149e-01
6.91096e+02	1.18626e-01
6.91796e+02	1.19105e-01
6.92496e+02	1.19587e-01
6.93197e+02	1.20072e-01
6.93897e+02	1.20559e-01
6.94597e+02	1.21050e-01
6.95298e+02	1.21544e-01
6.95998e+02	1.22042e-01
6.96698e+02	1.22542e-01
6.97399e+02	1.23045e-01
6.98099e+02	1.23552e-01
6.98799e+02	1.24061e-01
6.99500e+02	1.24574e-01
7.00200e+02	1.25090e-01
7.00900e+02	1.25609e-01
7.01601e+02	1.26132e-01
7.02301e+02	1.26658e-01
7.03002e+02	1.27187e-01
7.03702e+02	1.27720e-01
7.04402e+02	1.28256e-01
7.05103e+02	1.28796e-01
7.05803e+02	1.29338e-01
7.06503e+02	1.29885e-01
7.07204e+02	1.30435e-01
7.07904e+02	1.30988e-01
7.08604e+02	1.31545e-01
7.09305e+02	1.32106e-01
7.10005e+02	1.32670e-01
7.10705e+02	1.33238e-01
7.11406e+02	1.33810e-01
7.12106e+02	1.34386e-01
7.12806e+02	1.34965e-01
7.13507e+02	1.35548e-01
7.14207e+02	1.36135e-01
7.14907e+02	1.36725e-01
7.15608e+02	1.37320e-01
7.16308e+02	1.37919e-01
7.17009e+02	1.38521e-01
7.17709e+02	1.39128e-01
7.18409e+02	1.39738e-01
7.19110e+02	1.40353e-01
7.19810e+02	1.40972e-01
7.20510e+02	1.41595e-01
7.21211e+02	1.42222e-01
7.21911e+02	1.42854e-01
7.22611e+02	1.43489e-01
7.23312e+02	1.44129e-01
7.24012e+02	1.44774e-01
7.24712e+02	1.45422e-01
7.25413e+02	1.46076e-01
7.26113e+02	1.46733e-01
7.26813e+02	1.47396e-01
7.27514e+02	1.48062e-01
7.28214e+02	1.48734e-01
7.28914e+02	1.49410e-01
7.29615e+02	1.50090e-01
7.30315e+02	1.50776e-01
7.31016e+02	1.51466e-01
7.31716e+02	1.52161e-01
7.32416e+02	1.52861e-01
7.33117e+02	1.53565e-01
7.33817e+02	1.54275e-01
7.34517e+02	1.54990e-01
7.35218e+02	1.55710e-01
7.35918e+02	1.56435e-01
7.36618e+02	1.57165e-01
7.37319e+02	1.57900e-01
7.38019e+02	1.58640e-01
7.38719e+02	1.59386e-01
7.39420e+02	1.60137e-01
7.40120e+02	1.60894e-01
7.40820e+02	1.61656e-01
7.41521e+02	1.62423e-01
7.42221e+02	1.63196e-01
7.42921e+02	1.63975e-01
7.43622e+02	1.64759e-01
7.44322e+02	1.65549e-01
7.45023e+02	1.66345e-01
7.45723e+02	1.67146e-01
7.46423e+02	1.67954e-01
7.47124e+02	1.68767e-01
7.47824e+02	1.69587e-01
7.48524e+02	1.70412e-01
7.49225e+02	1.71244e-01
7.49925e+02	1.72082e-01
7.50625e+02	1.72926e-01
7.51326e+02	1.73777e-01
7.52026e+02	1.74633e-01
7.52726e+02	1.75497e-01
7.53427e+02	1.76367e-01
7.54127e+02	1.77243e-01
7.54827e+02	1.78126e-01
7.55528e+02	1.79016e-01
7.56228e+02	1.79912e-01
7.56928e+02	1.80816e-01
7.57629e+02	1.81726e-01
7.58329e+02	1.82643e-01
7.59030e+02	1.83567e-01
7.59730e+02	1.84499e-01
7.60430e+02	1.85438e-01
7.61131e+02	1.86384e-01
7.61831e+02	1.87337e-01
7.62531e+02	1.88298e-01
7.63232e+02	1.89266e-01
7.63932e+02	1.90242e-01
7.64632e+02	1.91226e-01
7.65333e+02	1.92217e-01
7.66033e+02	1.93216e-01
7.66733e+02	1.94223e-01
7.67434e+02	1.95238e-01
7.68134e+02	1.96262e-01
7.68834e+02	1.97293e-01
7.69535e+02	1.98333e-01
7.70235e+02	1.99381e-01
7.70935e+02	2.00437e-01
7.71636e+02	2.01503e-01
7.72336e+02	2.02576e-01
7.73037e+02	2.03659e-01
7.73737e+02	2.04750e-01
7.74437e+02	2.05850e-01
7.75138e+02	2.06959e-01
7.75838e+02	2.08078e-01
7.76538e+02	2.09205e-01
7.77239e+02	2.10342e-01
7.77939e+02	2.11489e-01
7.78639e+02	2.12644e-01
7.79340e+02	2.13810e-01
7.80040e+02	2.14985e-01
7.80740e+02	2.16170e-01
7.81441e+02	2.17365e-01
7.82141e+02	2.18571e-01
7.82841e+02	2.19786e-01
7.83542e+02	2.21012e-01
7.84242e+02	2.22248e-01
7.84942e+02	2.23495e-01
7.85643e+02	2.24752e-01
7.86343e+02	2.26020e-01
7.87044e+02	2.27299e-01
7.87744e+02	2.28589e-01
7.88444e+02	2.29891e-01
7.89145e+02	2.31203e-01
7.89845e+02	2.32528e-01
7.90545e+02	2.33863e-01
7.91246e+02	2.35211e-01
7.91946e+02	2.36570e-01
7.92646e+02	2.37941e-01
7.93347e+02	2.39325e-01
7.94047e+02	2.40720e-01
7.94747e+02	2.42128e-01
7.95448e+02	2.43549e-01
7.96148e+02	2.44983e-01
7.96848e+02	2.46429e-01
7.97549e+02	2.47888e-01
7.98249e+02	2.49361e-01
7.98949e+02	2.50847e-01
7.99650e+02	2.52346e-01
8.00350e+02	2.53859e-01
8.01051e+02	2.55386e-01
8.01751e+02	2.56927e-01
8.02451e+02	2.58482e-01
8.03152e+02	2.60052e-01
8.03852e+02	2.61636e-01
8.04552e+02	2.63235e-01
8.05253e+02	2.64849e-01
8.05953e+02	2.66478e-01
8.06653e+02	2.68122e-01
8.07354e+02	2.69782e-01
8.08054e+02	2.71457e-01
8.08754e+02	2.73148e-01
8.09455e+02	2.74856e-01
8.10155e+02	2.76579e-01
8.10855e+02	2.78320e-01
8.11556e+02	2.80077e-01
8.12256e+02	2.81851e-01
8.12956e+02	2.83642e-01
8.13657e+02	2.85450e-01
8.14357e+02	2.87276e-01
8.15058e+02	2.89120e-01
8.15758e+02	2.90982e-01
8.16458e+02	2.92862e-01
8.17159e+02	2.94761e-01
8.17859e+02	2.96679e-01
8.18559e+02	2.98615e-01
8.19260e+02	3.00571e-01
8.19960e+02	3.02547e-01
8.20660e+02	3.04542e-01
8.21361e+02	3.06558e-01
8.22061e+02	3.08594e-01
8.22761e+02	3.10651e-01
8.23462e+02	3.12728e-01
8.24162e+02	3.14827e-01
8.24862e+02	3.16947e-01
8.25563e+02	3.19089e-01
8.26263e+02	3.21253e-01
8.26963e+02	3.23440e-01
8.27664e+02	3.25649e-01
8.28364e+02	3.27882e-01
8.29065e+02	3.30138e-01
8.29765e+02	3.32417e-01
8.30465e+02	3.34721e-01
8.31166e+02	3.37049e-01
8.31866e+02	3.39401e-01
8.32566e+02	3.41779e-01
8.33267e+02	3.44182e-01
8.33967e+02	3.46611e-01
8.34667e+02	3.49067e-01
8.35368e+02	3.51549e-01
8.36068e+02	3.54057e-01
8.36768e+02	3.56593e-01
8.37469e+02	3.59157e-01
8.38169e+02	3.61749e-01
8.38869e+02	3.64370e-01
8.39570e+02	3.67020e-01
8.40270e+02	3.69699e-01
8.40970e+02	3.72408e-01
8.41671e+02	3.75147e-01
8.42371e+02	3.77917e-01
8.43072e+02	3.80718e-01
8.43772e+02	3.83551e-01
8.44472e+02	3.86417e-01
8.45173e+02	3.89315e-01
8.45873e+02	3.92246e-01
8.46573e+02	3.95211e-01
8.47274e+02	3.98210e-01
8.47974e+02	4.01244e-01
8.48674e+02	4.04313e-01
8.49375e+02	4.07418e-01
8.50075e+02	4.10560e-01
8.50775e+02	4.13738e-01
8.51476e+02	4.16954e-01
8.52176e+02	4.20209e-01
8.52876e+02	4.23502e-01
8.53577e+02	4.26835e-01
8.54277e+02	4.30207e-01
8.54977e+02	4.33621e-01
8.55678e+02	4.37075e-01
8.56378e+02	4.40572e-01
8.57079e+02	4.44112e-01
8.57779e+02	4.47695e-01
8.58479e+02	4.51322e-01
8.59180e+02	4.54994e-01
8.59880e+02	4.58712e-01
8.60580e+02	4.62476e-01
8.61281e+02	4.66287e-01
8.61981e+02	4.70146e-01
8.62681e+02	4.74054e-01
8.63382e+02	4.78012e-01
8.64082e+02	4.82020e-01
8.64782e+02	4.86080e-01
8.65483e+02	4.90192e-01
8.66183e+02	4.94356e-01
8.66883e+02	4.98575e-01
8.67584e+02	5.02849e-01
8.68284e+02	5.07179e-01
8.68984e+02	5.11566e-01
8.69685e+02	5.16011e-01
8.70385e+02	5.20515e-01
8.71086e+02	5.25079e-01
8.71786e+02	5.29704e-01
8.72486e+02	5.34391e-01
8.73187e+02	5.39142e-01
8.73887e+02	5.43957e-01
8.74587e+02	5.48838e-01
8.75288e+02	5.53785e-01
8.75988e+02	5.58801e-01
8.76688e+02	5.63887e-01
8.77389e+02	5.69043e-01
8.78089e+02	5.74270e-01
8.78789e+02	5.79572e-01
8.79490e+02	5.84948e-01
8.80190e+02	5.90400e-01
8.80890e+02	5.95930e-01
8.81591e+02	6.01539e-01
8.82291e+02	6.07228e-01
8.82991e+02	6.13000e-01
8.83692e+02	6.18856e-01
8.84392e+02	6.24796e-01
8.85093e+02	6.30824e-01
8.85793e+02	6.36941e-01
8.86493e+02	6.43149e-01
8.87194e+02	6.49449e-01
8.87894e+02	6.55843e-01
8.88594e+02	6.62333e-01
8.89295e+02	6.68921e-01
8.89995e+02	6.75609e-01
8.90695e+02	6.82400e-01
8.91396e+02	6.89294e-01
8.92096e+02	6.96295e-01
8.92796e+02	7.03405e-01
8.93497e+02	7.10625e-01
8.94197e+02	7.17958e-01
8.94897e+02	7.25407e-01
8.95598e+02	7.32974e-01
8.96298e+02	7.40662e-01
8.96998e+02	7.48472e-01
8.97699e+02	7.56409e-01
8.98399e+02	7.64473e-01
8.99100e+02	7.72669e-01
8.99800e+02	7.80999e-01
9.00500e+02	7.89467e-01
9.01201e+02	7.98074e-01
9.01901e+02	8.06824e-01
9.02601e+02	8.15721e-01
9.03302e+02	8.24768e-01
9.04002e+02	8.33968e-01
9.04702e+02	8.43324e-01
9.05403e+02	8.52840e-01
9.06103e+02	8.62521e-01
9.06803e+02	8.72369e-01
9.07504e+02	8.82388e-01
9.08204e+02	8.92584e-01
9.08904e+02	9.02958e-01
9.09605e+02	9.13517e-01
9.10305e+02	9.24264e-01
9.11006e+02	9.35204e-01
9.11706e+02	9.46342e-01
9.12406e+02	9.57682e-01
9.13107e+02	9.69229e-01
9.13807e+02	9.80989e-01
9.14507e+02	9.92966e-01
9.15208e+02	1.00517e+00
9.15908e+02	1.01759e+00
9.16608e+02	1.03026e+00
9.17309e+02	1.04316e+00
9.18009e+02	1.05631e+00
9.18709e+02	1.06971e+00
9.19410e+02	1.08338e+00
9.20110e+02	1.09730e+00
9.20810e+02	1.11150e+00
9.21511e+02	1.12598e+00
9.22211e+02	1.14075e+00
9.22911e+02	1.15582e+00
9.23612e+02	1.17118e+00
9.24312e+02	1.18686e+00
9.25013e+02	1.20286e+00
9.25713e+02	1.21919e+00
9.26413e+02	1.23585e+00
9.27114e+02	1.25286e+00
9.27814e+02	1.27023e+00
9.28514e+02	1.28797e+00
9.29215e+02	1.30608e+00
9.29915e+02	1.32458e+00
9.30615e+02	1.34348e+00
9.31316e+02	1.36279e+00
9.32016e+02	1.38252e+00
9.32716e+02	1.40269e+00
9.33417e+02	1.42331e+00
9.34117e+02	1.44438e+00
9.34817e+02	1.46594e+00
9.35518e+02	1.48798e+00
9.36218e+02	1.51053e+00
9.36918e+02	1.53359e+00
9.37619e+02	1.55720e+00
9.38319e+02	1.58135e+00
9.39020e+02	1.60608e+00
9.39720e+02	1.63140e+00
9.40420e+02	1.65732e+00
9.41121e+02	1.68387e+00
9.41821e+02	1.71106e+00
9.42521e+02	1.73893e+00
9.43222e+02	1.76748e+00
9.43922e+02	1.79675e+00
9.44622e+02	1.82675e+00
9.45323e+02	1.85752e+00
9.46023e+02	1.88908e+00
9.46723e+02	1.92144e+00
9.47424e+02	1.95466e+00
9.48124e+02	1.98874e+00
9.48824e+02	2.02373e+00
9.49525e+02	2.05966e+00
9.50225e+02	2.09655e+00
9.50925e+02	2.13445e+00
9.51626e+02	2.17339e+00
9.52326e+02	2.21340e+00
9.53027e+02	2.25454e+00
9.53727e+02	2.29684e+00
9.54427e+02	2.34034e+00
9.55128e+02	2.38510e+00
9.55828e+02	2.43115e+00
9.56528e+02	2.47855e+00
9.57229e+02	2.52736e+00
9.57929e+02	2.57763e+00
9.58629e+02	2.62941e+00
9.59330e+02	2.68277e+00
9.60030e+02	2.73777e+00
9.60730e+02	2.79448e+00
9.61431e+02	2.85298e+00
9.62131e+02	2.91333e+00
9.62831e+02	2.97562e+00
9.63532e+02	3.03992e+00
9.64232e+02	3.10633e+00
9.64932e+02	3.17494e+00
9.65633e+02	3.24585e+00
9.66333e+02	3.31915e+00
9.67034e+02	3.39496e+00
9.67734e+02	3.47339e+00
9.68434e+02	3.55457e+00
9.69135e+02	3.63861e+00
9.69835e+02	3.72567e+00
9.70535e+02	3.81587e+00
9.71236e+02	3.90938e+00
9.71936e+02	4.00635e+00
9.72636e+02	4.10695e+00
9.73337e+02	4.21138e+00
9.74037e+02	4.31982e+00
9.74737e+02	4.43247e+00
9.75438e+02	4.54956e+00
9.76138e+02	4.67132e+00
9.76838e+02	4.79800e+00
9.77539e+02	4.92986e+00
9.78239e+02	5.06718e+00
9.78939e+02	5.21027e+00
9.79640e+02	5.35945e+00
9.80340e+02	5.51506e+00
9.81041e+02	5.67748e+00
9.81741e+02	5.84710e+00
9.82441e+02	6.02434e+00
9.83142e+02	6.20965e+00
9.83842e+02	6.40354e+00
9.84542e+02	6.60652e+00
9.85243e+02	6.81917e+00
9.85943e+02	7.04208e+00
9.86643e+02	7.27592e+00
9.87344e+02	7.52140e+00
9.88044e+02	7.77929e+00
9.88744e+02	8.05041e+00
9.89445e+02	8.33566e+00
9.90145e+02	8.63601e+00
9.90845e+02	8.95252e+00
9.91546e+02	9.28634e+00
9.92246e+02	9.63871e+00
9.92946e+02	1.00110e+01
9.93647e+02	1.04046e+01
9.94347e+02	1.08213e+01
9.95048e+02	1.12627e+01
9.95748e+02	1.17308e+01
9.96448e+02	1.22276e+01
9.97149e+02	1.27556e+01
9.97849e+02	1.33171e+01
9.98549e+02	1.39150e+01
9.99250e+02	1.45524e+01
9.99950e+02	1.52325e+01
1.00065e+03	1.59591e+01
1.00135e+03	1.67363e+01
1.00205e+03	1.75685e+01
1.00275e+03	1.84606e+01
1.00345e+03	1.94182e+01
1.00415e+03	2.04473e+01
1.00485e+03	2.15545e+01
1.00555e+03	2.27472e+01
1.00625e+03	2.40335e+01
1.00695e+03	2.54224e+01
1.00765e+03	2.69237e+01
1.00835e+03	2.85482e+01
1.00905e+03	3.03078e+01
1.00975e+03	3.22155e+01
1.01046e+03	3.42851e+01
1.01116e+03	3.65319e+01
1.01186e+03	3.89719e+01
1.01256e+03	4.16220e+01
1.01326e+03	4.44996e+01
1.01396e+03	4.76222e+01
1.01466e+03	5.10067e+01
1.01536e+03	5.46683e+01
1.01606e+03	5.86192e+01
1.01676e+03	6.28669e+01
1.01746e+03	6.74114e+01
1.01816e+03	7.22426e+01
1.01886e+03	7.73361e+01
1.01956e+03	8.26497e+01
1.02026e+03	8.81187e+01
1.02096e+03	9.36522e+01
1.02166e+03	9.91306e+01
1.02236e+03	1.04406e+02
1.02306e+03	1.09304e+02
1.02376e+03	1.13635e+02
1.02446e+03	1.17209e+02
1.02516e+03	1.19847e+02
1.02586e+03	1.21408e+02
1.02656e+03	1.21805e+02
1.02726e+03	1.21014e+02
1.02796e+03	1.19082e+02
1.02866e+03	1.16114e+02
1.02936e+03	1.12268e+02
1.03007e+03	1.07727e+02
1.03077e+03	1.02683e+02
1.03147e+03	9.73229e+01
1.03217e+03	9.18118e+01
1.03287e+03	8.62888e+01
1.03357e+03	8.08637e+01
1.03427e+03	7.56184e+01
1.03497e+03	7.06095e+01
1.03567e+03	6.58729e+01
1.03637e+03	6.14277e+01
1.03707e+03	5.72803e+01
1.03777e+03	5.34278e+01
1.03847e+03	4.98611e+01
1.03917e+03	4.65666e+01
1.03987e+03	4.35285e+01
1.04057e+03	4.07296e+01
1.04127e+03	3.81524e+01
1.04197e+03	3.57796e+01
1.04267e+03	3.35945e+01
1.04337e+03	3.15814e+01
1.04407e+03	2.97255e+01
1.04477e+03	2.80132e+01
1.04547e+03	2.64319e+01
1.04617e+03	2.49701e+01
1.04687e+03	2.36174e+01
1.04757e+03	2.23641e+01
1.04827e+03	2.12017e+01
1.04897e+03	2.01222e+01
1.04967e+03	1.91185e+01
1.05038e+03	1.81843e+01
1.05108e+03	1.73136e+01
1.05178e+03	1.65012e+01
1.05248e+03	1.57422e+01
1.05318e+03	1.50325e+01
1.05388e+03	1.43679e+01
1.05458e+03	1.37449e+01
1.05528e+03	1.31604e+01
1.05598e+03	1.26112e+01
1.05668e+03	1.20948e+01
1.05738e+03	1.16087e+01
1.05808e+03	1.11507e+01
1.05878e+03	1.07187e+01
1.05948e+03	1.03108e+01
1.06018e+03	9.92538e+00
1.06088e+03	9.56084e+00
1.06158e+03	9.21575e+00
1.06228e+03	8.88878e+00
1.06298e+03	8.57873e+00
1.06368e+03	8.28448e+00
1.06438e+03	8.00501e+00
1.06508e+03	7.73937e+00
1.06578e+03	7.48668e+00
1.06648e+03	7.24615e+00
1.06718e+03	7.01701e+00
1.06788e+03	6.79858e+00
1.06858e+03	6.59023e+00
1.06928e+03	6.39134e+00
1.06998e+03	6.20138e+00
1.07069e+03	6.01983e+00
1.07139e+03	5.84621e+00
1.07209e+03	5.68007e+00
1.07279e+03	5.52100e+00
1.07349e+03	5.36862e+00
1.07419e+03	5.22257e+00
1.07489e+03	5.08250e+00
1.07559e+03	4.94811e+00
1.07629e+03	4.81909e+00
1.07699e+03	4.69517e+00
1.07769e+03	4.57609e+00
1.07839e+03	4.46161e+00
1.07909e+03	4.35151e+00
1.07979e+03	4.24556e+00
1.08049e+03	4.14356e+00
1.08119e+03	4.04533e+00
1.08189e+03	3.95069e+00
1.08259e+03	3.85947e+00
1.08329e+03	3.77151e+00
1.08399e+03	3.68666e+00
1.08469e+03	3.60478e+00
1.08539e+03	3.52574e+00
1.08609e+03	3.44942e+00
1.08679e+03	3.37569e+00
1.08749e+03	3.30444e+00
1.08819e+03	3.23556e+00
1.08889e+03	3.16897e+00
1.08959e+03	3.10455e+00
1.09030e+03	3.04222e+00
1.09100e+03	2.98189e+00
1.09170e+03	2.92348e+00
1.09240e+03	2.86692e+00
1.09310e+03	2.81214e+00
1.09380e+03	2.75905e+00
1.09450e+03	2.70760e+00
1.09520e+03	2.65772e+00
1.09590e+03	2.60935e+00
1.09660e+03	2.56244e+00
1.09730e+03	2.51692e+00
1.09800e+03	2.47276e+00
1.09870e+03	2.42989e+00
1.09940e+03	2.38828e+00
1.10010e+03	2.34788e+00
1.10080e+03	2.30864e+00
1.10150e+03	2.27052e+00
1.10220e+03	2.23349e+00
1.10290e+03	2.19750e+00
1.10360e+03	2.16253e+00
1.10430e+03	2.12853e+00
1.10500e+03	2.09547e+00
1.10570e+03	2.06333e+00
1.10640e+03	2.03207e+00
1.10710e+03	2.00167e+00
1.10780e+03	1.97210e+00
1.10850e+03	1.94332e+00
1.10920e+03	1.91532e+00
1.10990e+03	1.88807e+00
1.11061e+03	1.86155e+00
1.11131e+03	1.83574e+00
1.11201e+03	1.81062e+00
1.11271e+03	1.78615e+00
1.11341e+03	1.76234e+00
1.11411e+03	1.73915e+00
1.11481e+03	1.71656e+00
1.11551e+03	1.69457e+00
1.11621e+03	1.67316e+00
1.11691e+03	1.65230e+00
1.11761e+03	1.63199e+00
1.11831e+03	1.61220e+00
1.11901e+03	1.59293e+00
1.11971e+03	1.57416e+00
1.12041e+03	1.55588e+00
1.12111e+03	1.53808e+00
1.12181e+03	1.52074e+00
1.12251e+03	1.50385e+00
1.12321e+03	1.48740e+00
1.12391e+03	1.47139e+00
1.12461e+03	1.45579e+00
1.12531e+03	1.44060e+00
1.12601e+03	1.42582e+00
1.12671e+03	1.41142e+00
1.12741e+03	1.39741e+00
1.12811e+03	1.38378e+00
1.12881e+03	1.37051e+00
1.12951e+03	1.35760e+00
1.13022e+03	1.34504e+00
1.13092e+03	1.33283e+00
1.13162e+03	1.32096e+00
1.13232e+03	1.30941e+00
1.13302e+03	1.29819e+00
1.13372e+03	1.28729e+00
1.13442e+03	1.27671e+00
1.13512e+03	1.26643e+00
1.13582e+03	1.25646e+00
1.13652e+03	1.24678e+00
1.13722e+03	1.23740e+00
1.13792e+03	1.22830e+00
1.13862e+03	1.21949e+00
1.13932e+03	1.21096e+00
1.14002e+03	1.20271e+00
1.14072e+03	1.19472e+00
1.14142e+03	1.18701e+00
1.14212e+03	1.17957e+00
1.14282e+03	1.17239e+00
1.14352e+03	1.16546e+00
1.14422e+03	1.15880e+00
1.14492e+03	1.15239e+00
1.14562e+03	1.14623e+00
1.14632e+03	1.14033e+00
1.14702e+03	1.13467e+00
1.14772e+03	1.12926e+00
1.14842e+03	1.12410e+00
1.14912e+03	1.11918e+00
1.14982e+03	1.11450e+00
1.15053e+03	1.11007e+00
1.15123e+03	1.10588e+00
1.15193e+03	1.10193e+00
1.15263e+03	1.09821e+00
1.15333e+03	1.09474e+00
1.15403e+03	1.09151e+00
1.15473e+03	1.08852e+00
1.15543e+03	1.08577e+00
1.15613e+03	1.08326e+00
1.15683e+03	1.08099e+00
1.15753e+03	1.07896e+00
1.15823e+03	1.07717e+00
1.15893e+03	1.07563e+00
1.15963e+03	1.07434e+00
1.16033e+03	1.07329e+00
1.16103e+03	1.07250e+00
1.16173e+03	1.07195e+00
1.16243e+03	1.07166e+00
1.16313e+03	1.07162e+00
1.16383e+03	1.07185e+00
1.16453e+03	1.07233e+00
1.16523e+03	1.07309e+00
1.16593e+03	1.07411e+00
1.16663e+03	1.07540e+00
1.16733e+03	1.07697e+00
1.16803e+03	1.07883e+00
1.16873e+03	1.08097e+00
1.16943e+03	1.08340e+00
1.17014e+03	1.08612e+00
1.17084e+03	1.08915e+00
1.17154e+03	1.09249e+00
1.17224e+03	1.09615e+00
1.17294e+03	1.10012e+00
1.17364e+03	1.10442e+00
1.17434e+03	1.10906e+00
1.17504e+03	1.11405e+00
1.17574e+03	1.11938e+00
1.17644e+03	1.12508e+00
1.17714e+03	1.13115e+00
1.17784e+03	1.13761e+00
1.17854e+03	1.14445e+00
1.17924e+03	1.15170e+00
1.17994e+03	1.15936e+00
1.18064e+03	1.16745e+00
1.18134e+03	1.17598e+00
1.18204e+03	1.18497e+00
1.18274e+03	1.19442e+00
1.18344e+03	1.20437e+00
1.18414e+03	1.21481e+00
1.18484e+03	1.22577e+00
1.18554e+03	1.23727e+00
1.18624e+03	1.24932e+00
1.18694e+03	1.26195e+00
1.18764e+03	1.27518e+00
1.18834e+03	1.28903e+00
1.18904e+03	1.30352e+00
1.18974e+03	1.31869e+00
1.19045e+03	1.33455e+00
1.19115e+03	1.35114e+00
1.19185e+03	1.36848e+00
1.19255e+03	1.38661e+00
1.19325e+03	1.40557e+00
1.19395e+03	1.42538e+00
1.19465e+03	1.44609e+00
1.19535e+03	1.46773e+00
1.19605e+03	1.49035e+00
1.19675e+03	1.51400e+00
1.19745e+03	1.53872e+00
1.19815e+03	1.56457e+00
1.19885e+03	1.59160e+00
1.19955e+03	1.61986e+00
1.20025e+03	1.64943e+00
1.20095e+03	1.68037e+00
1.20165e+03	1.71274e+00
1.20235e+03	1.74663e+00
1.20305e+03	1.78212e+00
1.20375e+03	1.81929e+00
1.20445e+03	1.85823e+00
1.20515e+03	1.89905e+00
1.20585e+03	1.94185e+00
1.20655e+03	1.98675e+00
1.20725e+03	2.03387e+00
1.20795e+03	2.08334e+00
1.20865e+03	2.13530e+00
1.20935e+03	2.18991e+00
1.21006e+03	2.24733e+00
1.21076e+03	2.30774e+00
1.21146e+03	2.37133e+00
1.21216e+03	2.43831e+00
1.21286e+03	2.50890e+00
1.21356e+03	2.58334e+00
1.21426e+03	2.66191e+00
1.21496e+03	2.74488e+00
1.21566e+03	2.83257e+00
1.21636e+03	2.92531e+00
1.21706e+03	3.02347e+00
1.21776e+03	3.12745e+00
1.21846e+03	3.23769e+00
1.21916e+03	3.35466e+00
1.21986e+03	3.47889e+00
1.22056e+03	3.61095e+00
1.22126e+03	3.75146e+00
1.22196e+03	3.90111e+00
1.22266e+03	4.06065e+00
1.22336e+03	4.23092e+00
1.22406e+03	4.41281e+00
1.22476e+03	4.60733e+00
1.22546e+03	4.81560e+00
1.22616e+03	5.03882e+00
1.22686e+03	5.27834e+00
1.22756e+03	5.53565e+00
1.22826e+03	5.81239e+00
1.22896e+03	6.11037e+00
1.22966e+03	6.43158e+00
1.23037e+03	6.77823e+00
1.23107e+03	7.15277e+00
1.23177e+03	7.55785e+00
1.23247e+03	7.99642e+00
1.23317e+03	8.47171e+00
1.23387e+03	8.98721e+00
1.23457e+03	9.54673e+00
1.23527e+03	1.01544e+01
1.23597e+03	1.08144e+01
1.23667e+03	1.15315e+01
1.23737e+03	1.23103e+01
1.23807e+03	1.31555e+01
1.23877e+03	1.40716e+01
1.23947e+03	1.50627e+01
1.24017e+03	1.61318e+01
1.24087e+03	1.72808e+01
1.24157e+03	1.85095e+01
1.24227e+03	1.98146e+01
1.24297e+03	2.11893e+01
1.24367e+03	2.26215e+01
1.24437e+03	2.40931e+01
1.24507e+03	2.55787e+01
1.24577e+03	2.70454e+01
1.24647e+03	2.84524e+01
1.24717e+03	2.97525e+01
1.24787e+03	3.08945e+01
1.24857e+03	3.18269e+01
1.24927e+03	3.25030e+01
1.24997e+03	3.28863e+01
1.25068e+03	3.29550e+01
1.25138e+03	3.27049e+01
1.25208e+03	3.21504e+01
1.25278e+03	3.13220e+01
1.25348e+03	3.02628e+01
1.25418e+03	2.90225e+01
1.25488e+03	2.76532e+01
1.25558e+03	2.62042e+01
1.25628e+03	2.47193e+01
1.25698e+03	2.32350e+01
1.25768e+03	2.17799e+01
1.25838e+03	2.03751e+01
1.25908e+03	1.90353e+01
1.25978e+03	1.77695e+01
1.26048e+03	1.65823e+01
1.26118e+03	1.54752e+01
1.26188e+03	1.44472e+01
1.26258e+03	1.34956e+01
1.26328e+03	1.26168e+01
1.26398e+03	1.18064e+01
1.26468e+03	1.10597e+01
1.26538e+03	1.03721e+01
1.26608e+03	9.73896e+00
1.26678e+03	9.15576e+00
1.26748e+03	8.61832e+00
1.26818e+03	8.12272e+00
1.26888e+03	7.66533e+00
1.26958e+03	7.24279e+00
1.27029e+03	6.85205e+00
1.27099e+03	6.49032e+00
1.27169e+03	6.15505e+00
1.27239e+03	5.84396e+00
1.27309e+03	5.55494e+00
1.27379e+03	5.28611e+00
1.27449e+03	5.03575e+00
1.27519e+03	4.80231e+00
1.27589e+03	4.58440e+00
1.27659e+03	4.38072e+00
1.27729e+03	4.19014e+00
1.27799e+03	4.01160e+00
1.27869e+03	3.84415e+00
1.27939e+03	3.68694e+00
1.28009e+03	3.53917e+00
1.28079e+03	3.40013e+00
1.28149e+03	3.26916e+00
1.28219e+03	3.14568e+00
1.28289e+03	3.02914e+00
1.28359e+03	2.91904e+00
1.28429e+03	2.81494e+00
1.28499e+03	2.71640e+00
1.28569e+03	2.62306e+00
1.28639e+03	2.53455e+00
1.28709e+03	2.45057e+00
1.28779e+03	2.37080e+00
1.28849e+03	2.29498e+00
1.28919e+03	2.22286e+00
1.28989e+03	2.15420e+00
1.29060e+03	2.08878e+00
1.29130e+03	2.02642e+00
1.29200e+03	1.96691e+00
1.29270e+03	1.91010e+00
1.29340e+03	1.85582e+00
1.29410e+03	1.80393e+00
1.29480e+03	1.75429e+00
1.29550e+03	1.70677e+00
1.29620e+03	1.66125e+00
1.29690e+03	1.61763e+00
1.29760e+03	1.57579e+00
1.29830e+03	1.53565e+00
1.29900e+03	1.49711e+00
1.29970e+03	1.46009e+00
1.30040e+03	1.42451e+00
1.30110e+03	1.39030e+00
1.30180e+03	1.35739e+00
1.30250e+03	1.32570e+00
1.30320e+03	1.29519e+00
1.30390e+03	1.26579e+00
1.30460e+03	1.23745e+00
1.30530e+03	1.21013e+00
1.30600e+03	1.18376e+00
1.30670e+03	1.15831e+00
1.30740e+03	1.13373e+00
1.30810e+03	1.10999e+00
1.30880e+03	1.08705e+00
1.30950e+03	1.06487e+00
1.31021e+03	1.04341e+00
1.31091e+03	1.02265e+00
1.31161e+03	1.00256e+00
1.31231e+03	9.83102e-01
1.31301e+03	9.64256e-01
1.31371e+03	9.45994e-01
1.31441e+03	9.28292e-01
1.31511e+03	9.11127e-01
1.31581e+03	8.94478e-01
1.31651e+03	8.78324e-01
1.31721e+03	8.62644e-01
1.31791e+03	8.47420e-01
1.31861e+03	8.32635e-01
1.31931e+03	8.18270e-01
1.32001e+03	8.04311e-01
1.32071e+03	7.90742e-01
1.32141e+03	7.77548e-01
1.32211e+03	7.64714e-01
1.32281e+03	7.52229e-01
1.32351e+03	7.40078e-01
1.32421e+03	7.28250e-01
1.32491e+03	7.16733e-01
1.32561e+03	7.05517e-01
1.32631e+03	6.94590e-01
1.32701e+03	6.83942e-01
1.32771e+03	6.73564e-01
1.32841e+03	6.63447e-01
1.32911e+03	6.53581e-01
1.32981e+03	6.43958e-01
1.33052e+03	6.34569e-01
1.33122e+03	6.25408e-01
1.33192e+03	6.16467e-01
1.33262e+03	6.07738e-01
1.33332e+03	5.99215e-01
1.33402e+03	5.90890e-01
1.33472e+03	5.82758e-01
1.33542e+03	5.74813e-01
1.33612e+03	5.67048e-01
1.33682e+03	5.59458e-01
1.33752e+03	5.52038e-01
1.33822e+03	5.44783e-01
1.33892e+03	5.37687e-01
1.33962e+03	5.30745e-01
1.34032e+03	5.23954e-01
1.34102e+03	5.17308e-01
1.34172e+03	5.10803e-01
1.34242e+03	5.04436e-01
1.34312e+03	4.98201e-01
1.34382e+03	4.92097e-01
1.34452e+03	4.86117e-01
1.34522e+03	4.80260e-01
1.34592e+03	4.74522e-01
1.34662e+03	4.68899e-01
1.34732e+03	4.63388e-01
1.34802e+03	4.57986e-01
1.34872e+03	4.52690e-01
1.34942e+03	4.47497e-01
1.35013e+03	4.42405e-01
1.35083e+03	4.37410e-01
1.35153e+03	4.32511e-01
1.35223e+03	4.27704e-01
1.35293e+03	4.22988e-01
1.35363e+03	4.18359e-01
1.35433e+03	4.13816e-01
1.35503e+03	4.09356e-01
1.35573e+03	4.04978e-01
1.35643e+03	4.00679e-01
1.35713e+03	3.96457e-01
1.35783e+03	3.92310e-01
1.35853e+03	3.88237e-01
1.35923e+03	3.84235e-01
1.35993e+03	3.80303e-01
1.36063e+03	3.76440e-01
1.36133e+03	3.72643e-01
1.36203e+03	3.68911e-01
1.36273e+03	3.65242e-01
1.36343e+03	3.61635e-01
1.36413e+03	3.58088e-01
1.36483e+03	3.54601e-01
1.36553e+03	3.51171e-01
1.36623e+03	3.47798e-01
1.36693e+03	3.44479e-01
1.36763e+03	3.41214e-01
1.36833e+03	3.38002e-01
1.36903e+03	3.34841e-01
1.36973e+03	3.31731e-01
1.37044e+03	3.28669e-01
1.37114e+03	3.25655e-01
1.37184e+03	3.22689e-01
1.37254e+03	3.19768e-01
1.37324e+03	3.16892e-01
1.37394e+03	3.14061e-01
1.37464e+03	3.11272e-01
1.37534e+03	3.08525e-01
1.37604e+03	3.05820e-01
1.37674e+03	3.03155e-01
1.37744e+03	3.00529e-01
1.37814e+03	2.97942e-01
1.37884e+03	2.95393e-01
1.37954e+03	2.92881e-01
1.38024e+03	2.90405e-01
1.38094e+03	2.87965e-01
1.38164e+03	2.85560e-01
1.38234e+03	2.83189e-01
1.38304e+03	2.80851e-01
1.38374e+03	2.78546e-01
1.38444e+03	2.76274e-01
1.38514e+03	2.74033e-01
1.38584e+03	2.71823e-01
1.38654e+03	2.69643e-01
1.38724e+03	2.67493e-01
1.38794e+03	2.65372e-01
1.38864e+03	2.63279e-01
1.38934e+03	2.61215e-01
1.39005e+03	2.59178e-01
1.39075e+03	2.57168e-01
1.39145e+03	2.55185e-01
1.39215e+03	2.53228e-01
1.39285e+03	2.51296e-01
1.39355e+03	2.49389e-01
1.39425e+03	2.47507e-01
1.39495e+03	2.45649e-01
1.39565e+03	2.43815e-01
1.39635e+03	2.42004e-01
1.39705e+03	2.40215e-01
1.39775e+03	2.38450e-01
1.39845e+03	2.36706e-01
1.39915e+03	2.34984e-01
1.39985e+03	2.33283e-01
1.40055e+03	2.31603e-01
1.40125e+03	2.29944e-01
1.40195e+03	2.28305e-01
1.40265e+03	2.26685e-01
1.40335e+03	2.25086e-01
1.40405e+03	2.23505e-01
1.40475e+03	2.21943e-01
1.40545e+03	2.20400e-01
1.40615e+03	2.18874e-01
1.40685e+03	2.17367e-01
1.40755e+03	2.15878e-01
1.40825e+03	2.14405e-01
1.40895e+03	2.12950e-01
1.40965e+03	2.11511e-01
1.41036e+03	2.10089e-01
1.41106e+03	2.08683e-01
1.41176e+03	2.07293e-01
1.41246e+03	2.05919e-01
1.41316e+03	2.04560e-01
1.41386e+03	2.03216e-01
1.41456e+03	2.01887e-01
1.41526e+03	2.00573e-01
1.41596e+03	1.99274e-01
1.41666e+03	1.97988e-01
1.41736e+03	1.96717e-01
1.41806e+03	1.95459e-01
1.41876e+03	1.94216e-01
1.41946e+03	1.92985e-01
1.42016e+03	1.91768e-01
1.42086e+03	1.90563e-01
1.42156e+03	1.89371e-01
1.42226e+03	1.88192e-01
1.42296e+03	1.87026e-01
1.42366e+03	1.85871e-01
1.42436e+03	1.84729e-01
1.42506e+03	1.83598e-01
1.42576e+03	1.82479e-01
1.42646e+03	1.81372e-01
1.42716e+03	1.80276e-01
1.42786e+03	1.79191e-01
1.42856e+03	1.78117e-01
1.42926e+03	1.77054e-01
1.42996e+03	1.76001e-01
1.43067e+03	1.74959e-01
1.43137e+03	1.73928e-01
1.43207e+03	1.72907e-01
1.43277e+03	1.71896e-01
1.43347e+03	1.70894e-01
1.43417e+03	1.69903e-01
1.43487e+03	1.68921e-01
1.43557e+03	1.67949e-01
1.43627e+03	1.66986e-01
1.43697e+03	1.66033e-01
1.43767e+03	1.65088e-01
1.43837e+03	1.64153e-01
1.43907e+03	1.63227e-01
1.43977e+03	1.62309e-01
1.44047e+03	1.61400e-01
1.44117e+03	1.60499e-01
1.44187e+03	1.59607e-01
1.44257e+03	1.58724e-01
1.44327e+03	1.57848e-01
1.44397e+03	1.56981e-01
1.44467e+03	1.56121e-01
1.44537e+03	1.55270e-01
1.44607e+03	1.54426e-01
1.44677e+03	1.53590e-01
1.44747e+03	1.52761e-01
1.44817e+03	1.51940e-01
1.44887e+03	1.51126e-01
1.44957e+03	1.50320e-01
1.45028e+03	1.49521e-01
1.45098e+03	1.48729e-01
1.45168e+03	1.47944e-01
1.45238e+03	1.47165e-01
1.45308e+03	1.46394e-01
1.45378e+03	1.45629e-01
1.45448e+03	1.44872e-01
1.45518e+03	1.44120e-01
1.45588e+03	1.43375e-01
1.45658e+03	1.42637e-01
1.45728e+03	1.41905e-01
1.45798e+03	1.41179e-01
1.45868e+03	1.40459e-01
1.45938e+03	1.39746e-01
1.46008e+03	1.39038e-01
1.46078e+03	1.38337e-01
1.46148e+03	1.37641e-01
1.46218e+03	1.36952e-01
1.46288e+03	1.36268e-01
1.46358e+03	1.35589e-01
1.46428e+03	1.34916e-01
1.46498e+03	1.34249e-01
1.46568e+03	1.33588e-01
1.46638e+03	1.32931e-01
1.46708e+03	1.32280e-01
1.46778e+03	1.31635e-01
1.46848e+03	1.30994e-01
1.46918e+03	1.30359e-01
1.46988e+03	1.29729e-01
1.47059e+03	1.29104e-01
1.47129e+03	1.28484e-01
1.47199e+03	1.27869e-01
1.47269e+03	1.27258e-01
1.47339e+03	1.26653e-01
1.47409e+03	1.26052e-01
1.47479e+03	1.25456e-01
1.47549e+03	1.24865e-01
1.47619e+03	1.24278e-01
1.47689e+03	1.23696e-01
1.47759e+03	1.23119e-01
1.47829e+03	1.22546e-01
1.47899e+03	1.21977e-01
1.47969e+03	1.21412e-01
1.48039e+03	1.20852e-01
1.48109e+03	1.20297e-01
1.48179e+03	1.19745e-01
1.48249e+03	1.19198e-01
1.48319e+03	1.18654e-01
1.48389e+03	1.18115e-01
1.48459e+03	1.17580e-01
1.48529e+03	1.17049e-01
1.48599e+03	1.16522e-01
1.48669e+03	1.15999e-01
1.48739e+03	1.15479e-01
1.48809e+03	1.14964e-01
1.48879e+03	1.14452e-01
1.48949e+03	1.13944e-01
1.49020e+03	1.13440e-01
1.49090e+03	1.12939e-01
1.49160e+03	1.12442e-01
1.49230e+03	1.11949e-01
1.49300e+03	1.11459e-01
1.49370e+03	1.10972e-01
1.49440e+03	1.10490e-01
1.49510e+03	1.10010e-01
1.49580e+03	1.09534e-01
1.49650e+03	1.09062e-01
1.49720e+03	1.08593e-01
1.49790e+03	1.08127e-01
1.49860e+03	1.07664e-01
1.49930e+03	1.07205e-01
1.50000e+03	1.06748e-01
